SR
0.4502
0.2268
0.2102
0.1735
0.2453
0.2146
0.3495
0.2983
0.2399
0.3371
0.3674
0.3670
0.3181
0.3090
0.3778
0.2360
0.3649
0.2317
0.2430
0.2743
0.3126
0.3932
0.3276
0.4042
0.4329
0.4059
0.2100
0.1895
0.1339
0.3051
0.2021
0.3550
0.1846
0.1595
0.3223
0.3898
0.3500
0.3876
0.4126
0.3368
0.3603
0.1863
0.3045
0.2009
0.2088
0.2308
0.2801
0.2510
0.3571
0.2885
0.2771
0.1809
0.2105
0.2726
0.2717
0.2028
0.1317
0.2908
0.3048
0.2901
0.4749
0.2755
0.3673
0.2288
0.2111
0.3541
0.1128
0.1253
0.2364
0.1536
0.1844
0.4424
0.4153
0.3658
0.2654
0.3778
0.2487
0.2350
0.1743
0.3235
0.3836
0.2317
0.3640
0.4153
0.4212
0.4206
0.2931
0.2464
0.3723
0.1454
0.2028
0.1694
0.3453
0.3821
0.3202
0.3878
0.4618
0.4011
0.2975
0.2553
0.2014
0.3174
0.1990
0.2938
0.3807
0.2865
0.4102
0.4416
0.4882
0.4423
0.3341
0.2957
0.2162
0.2974
0.3383
0.2734
0.1911
0.2201
0.4222
0.4210
0.4868
0.3794
0.2328
0.1913
0.3129
0.1173
0.3218
0.3407
0.2743
0.3208
0.3593
0.4528
0.3586
0.4391
0.2024
0.1627
0.3110
0.2893
0.1787
0.3850
0.2537
0.1920
0.4289
0.4384
0.4641
0.2457
0.2217
0.1330
0.3015
0.1296
0.3179
0.3494
0.1397
0.3084
0.4612
0.4554
0.4605
0.4009
0.2840
0.3260
0.2240
0.2232
0.2974
0.1941
0.4070
0.3405
0.3894
0.3991
0.4226
0.2701
0.1767
0.2860
0.3333
0.3139
0.2973
0.3313
0.2663
0.4284
0.4263
0.4921
0.4884
0.3747
0.2091
0.2861
0.2797
0.3668
0.3426
0.2328
0.3797
0.2127
0.4267
0.4705
0.4454
0.3354
0.3544
0.2482
0.3449
0.2651
0.2196
0.2614
0.3701
0.3873
0.4251
0.4664
0.4887
0.3744
0.3824
0.3490
0.1665
0.2438
0.2606
0.2177
0.3596
0.3717
0.3126
0.4697
0.4843
0.4310
0.2485
0.1540
0.2831
0.1626
0.3060
0.3221
0.2830
0.3402
0.4591
0.4956
0.4984
0.3637
0.4032
0.2765
0.3946
0.3385
0.2439
0.4043
0.3073
0.1931
0.4775
0.4907
0.5132
0.4844
0.2929
0.1809
0.3187
0.1580
0.3589
0.2276
0.1719
0.3971
0.4035
0.5041
0.5142
0.4235
0.4303
0.2784
0.1506
0.1669
0.3504
0.2896
0.3942
0.3516
0.3362
0.5142
0.5218
0.3674
0.2587
0.2616
0.1309
0.2687
0.3146
0.3269
0.2055
0.4414
0.3659
0.5171
0.5228
0.3606
0.2366
0.3218
0.3637
0.3350
0.3350
0.2332
0.3232
0.4285
0.3881
0.5174
0.5235
0.3579
0.3857
0.3500
0.2487
0.3426
0.2932
0.1347
0.1822
0.3399
0.5046
0.5176
0.5239
0.3401
0.4053
0.4062
0.2055
0.2532
0.2726
0.3512
0.3501
0.2602
0.4446
0.5178
0.5245
0.5277
0.4516
0.3842
0.2762
0.1503
0.2858
0.2143
0.2600
0.2056
0.5247
0.5181
0.5252
0.4035
0.3902
0.3868
0.3797
0.2141
0.2203
0.2409
0.3429
0.2251
0.4041
0.0031
0.0073
0.4099
0.3231
0.3498
0.1477
0.2800
0.2284
0.1971
0.2651
0.2732
0.4341
0.0093
0.0103
0.4457
0.2179
0.3324
0.2613
0.2587
0.3804
0.2385
0.3699
0.3045
0.4730
0.0078
0.0124
0.4454
0.5360
0.3284
0.2500
0.3762
0.1141
0.3767
0.3875
0.2691
0.4315
0.0079