Hoy
1423
1424
1425
1426
1427
1428
1429
1430
1431
1432
1433
1434
1447
1448
1449
1450
1451
1452
1453
1454
1455
1456
1457
1458
1471
1472
1473
1474
1475
1476
1477
1478
1479
1480
1481
1482
1495
1496
1497
1498
1499
1500
1501
1502
1503
1504
1505
1506
1519
1520
1521
1522
1523
1524
1525
1526
1527
1528
1529
1530
1543
1544
1545
1546
1547
1548
1549
1550
1551
1552
1553
1554
1567
1568
1569
1570
1571
1572
1573
1574
1575
1576
1577
1578
1591
1592
1593
1594
1595
1596
1597
1598
1599
1600
1601
1602
1615
1616
1617
1618
1619
1620
1621
1622
1623
1624
1625
1626
1639
1640
1641
1642
1643
1644
1645
1646
1647
1648
1649
1650
1663
1664
1665
1666
1667
1668
1669
1670
1671
1672
1673
1674
1687
1688
1689
1690
1691
1692
1693
1694
1695
1696
1697
1698
1711
1712
1713
1714
1715
1716
1717
1718
1719
1720
1721
1722
1735
1736
1737
1738
1739
1740
1741
1742
1743
1744
1745
1746
1759
1760
1761
1762
1763
1764
1765
1766
1767
1768
1769
1770
1783
1784
1785
1786
1787
1788
1789
1790
1791
1792
1793
1794
1807
1808
1809
1810
1811
1812
1813
1814
1815
1816
1817
1818
1831
1832
1833
1834
1835
1836
1837
1838
1839
1840
1841
1842
1855
1856
1857
1858
1859
1860
1861
1862
1863
1864
1865
1866
1879
1880
1881
1882
1883
1884
1885
1886
1887
1888
1889
1890
1903
1904
1905
1906
1907
1908
1909
1910
1911
1912
1913
1914
1927
1928
1929
1930
1931
1932
1933
1934
1935
1936
1937
1938
1951
1952
1953
1954
1955
1956
1957
1958
1959
1960
1961
1962
1975
1976
1977
1978
1979
1980
1981
1982
1983
1984
1985
1986
1999
2000
2001
2002
2003
2004
2005
2006
2007
2008
2009
2010
2023
2024
2025
2026
2027
2028
2029
2030
2031
2032
2033
2034
2047
2048
2049
2050
2051
2052
2053
2054
2055
2056
2057
2058
2071
2072
2073
2074
2075
2076
2077
2078
2079
2080
2081
2082
2095
2096
2097
2098
2099
2100
2101
2102
2103
2104
2105
2106
2119
2120
2121
2122
2123
2124
2125
2126
2127
2128
2129
2130
2143
2144
2145
2146
2147
2148
2149
2150
2151
2152
2153
2154