0.0
0.015555554
0.0931164016952381
0.7843518503777779
0.7843518503777779
0.7843518503777779
0.7843518503777779
0.0931164016952381
0.0
0.0
0.0
0.015555554
0.0931164016952381
0.7843518503777779
0.7843518503777779
0.7843518503777779
0.7843518503777779
0.0931164016952381
0.0
0.0
0.0
0.015555554
0.0931164016952381
0.7843518503777779
0.7843518503777779
0.7843518503777779
0.7843518503777779
0.0931164016952381
0.0
0.0
0.0
0.013333332
0.0931164016952381
0.7843518503777779
0.7843518503777779
0.7843518503777779
0.7843518503777779
0.0931164016952381
0.014603173142857142
0.0
0.0
0.013333332
0.0931164016952381
0.7843518503777779
0.7843518503777779
0.7843518503777779
0.7843518503777779
0.0931164016952381
0.014603173142857142
0.0
0.0
0.013333332
0.0931164016952381
0.7843518503777779
0.7843518503777779
0.7843518503777779
0.7843518503777779
0.0931164016952381
0.014603173142857142
0.0
0.0
0.013333332
0.0931164016952381
0.7843518503777779
0.7941851837777777
0.7941851837777777
0.7843518503777779
0.0931164016952381
0.013333332
0.0
0.0
0.013333332
0.0931164016952381
0.7843518503777779
0.7941851837777777
0.7941851837777777
0.7843518503777779
0.23219047576190474
0.015555554
0.0
0.0
0.013333332
0.0931164016952381
0.7843518503777779
0.7977037022777776
0.7977037022777776
0.7843518503777779
0.23219047576190474
0.017777776000000002
0.0
0.0
0.013333332
0.23219047576190474
0.7843518503777779
0.7862222208333332
0.7862222208333332
0.7843518503777779
0.25107936431746036
0.017777776000000002
0.0
0.0
0.013333332
0.23219047576190474
0.7843518503777779
0.7939999984999999
0.8106111096833334
0.7843518503777779
0.6247724869365079
0.017777776000000002
0.0
0.0
0.015555554
0.23219047576190474
0.7843518503777779
0.8106111096833334
0.8106111096833334
0.7843518503777779
0.6247724869365079
0.0019999998
0.0
0.0
0.015555554
0.23219047576190474
0.7843518503777779
0.8106111096833334
0.8128333316833333
0.7843518503777779
0.6247724869365079
0.026666665599999997
0.0
0.0
0.015555554
0.23219047576190474
0.7843518503777779
0.8128333316833333
0.8163253954928571
0.7843518503777779
0.6247724869365079
0.0233333326
0.0
0.0
0.015555554
0.25107936431746036
0.7843518503777779
0.8163253954928571
0.8163253954928571
0.7843518503777779
0.6247724869365079
0.0233333326
0.0
0.0
0.017777776000000002
0.25107936431746036
0.7843518503777779
0.8163253954928571
0.81135185035
0.7843518503777779
0.6247724869365079
0.0839947081952381
0.0
0.0
0.017777776000000002
0.25107936431746036
0.7843518503777779
0.81135185035
0.8132037021277778
0.7843518503777779
0.6247724869365079
0.0839947081952381
0.0
0.0
0.0
0.017777776000000002
0.6247724869365079
0.7843518503777779
0.81135185035
0.9248650787880952
0.7843518503777779
0.6247724869365079
0.0839947081952381
0.0
0.0
0.0
0.017777776000000002
0.6247724869365079
0.7843518503777779
0.66098148005
0.9248650787880952
0.7843518503777779
0.6247724869365079
0.0839947081952381
0.0
0.0
0.0
0.017777776000000002
0.6247724869365079
0.7843518503777779
0.9248650787880952
0.9281984124547619
0.7843518503777779
0.6247724869365079
0.0839947081952381
0.0
0.0
0.0
0.017777776000000002
0.6247724869365079
0.7843518503777779
0.9248650787880952
0.9274576717880952
0.7843518503777779
0.6247724869365079
0.0839947081952381
0.0
0.0
0.0
0.017777776000000002
0.6247724869365079
0.7843518503777779
0.9281984124547619
0.8842248662087303
0.7843518503777779
0.6158835978698413
0.0839947081952381
0.0
0.0
0.0
0.017777776000000002
0.6247724869365079
0.7843518503777779
0.9274576717880952
0.8902989402087302
0.7843518503777779
0.6158835978698413
0.0839947081952381
0.0
0.0
0.0
0.0019999998
0.6247724869365079
0.7843518503777779
0.8842248662087303
0.8882989402087301
0.7843518503777779
0.5776613754698412
0.0839947081952381
0.0
0.0
0.0
0.026666665599999997
0.6247724869365079
0.7843518503777779
0.8902989402087302
0.8882989402087301
0.7843518503777779
0.6371428572698412
0.0839947081952381
0.0
0.0
0.0
0.026666665599999997
0.6247724869365079
0.7843518503777779
0.8882989402087301
0.684085538075926
0.7843518503777779
0.6526984127809523
0.0839947081952381
0.0
0.0
0.0
0.0233333326
0.6247724869365079
0.7843518503777779
0.8882989402087301
0.9447231044544971
0.7843518503777779
0.6526984127809523
0.0839947081952381
0.0
0.0
0.0
0.0233333326
0.6247724869365079
0.7843518503777779
0.8882989402087301
0.959669313936508
0.7941851837777777
0.5917248669714286
0.0839947081952381
0.0
0.0
0.0
0.0233333326
0.6247724869365079
0.7843518503777779
0.7509444443666666
0.9860458567746032
0.7977037022777776
0.6667989421380952
0.0839947081952381
0.0
0.0
0.0
0.0839947081952381
0.6247724869365079
0.7843518503777779
0.723885363048148
0.9870370383333333
0.7939999984999999
0.6530952390714284
0.07806878297301587
0.0
0.0
0.0
0.0839947081952381
0.6247724869365079
0.7843518503777779
0.9758730182857143
0.9870370383333333
0.8106111096833334
0.6626373260795094
0.10522486725476192
0.0
0.0
0.0
0.0839947081952381
0.6247724869365079
0.7843518503777779
0.9870370383333333
0.9870370383333333
0.8128333316833333
0.5624708997158729
0.10655820085476192
0.0
0.0
0.0
0.0839947081952381
0.6158835978698413
0.7843518503777779
0.9870370383333333
0.9407037049666668
0.8163253954928571
0.45605820085476195
0.066957671584127
0.0
0.0
0.0
0.0839947081952381
0.6158835978698413
0.7843518503777779
0.9870370383333333
0.9407037049666668
0.81135185035
0.7042433869769842
0.09347618997777779
0.0
0.0
0.0
0.0839947081952381
0.5776613754698412
0.7941851837777777
0.9407037049666668
0.9407037049666668
0.66098148005
0.25098147931111114
0.04274073850000001
0.0
0.0
0.0
0.0839947081952381
0.6176613756920635
0.7977037022777776
0.9407037049666668
0.9407037049666668
0.9248650787880952
0.7876940018000002
0.15090211557698416
0.0
0.0
0.0
0.0839947081952381
0.6526984127809523
0.7862222208333332
0.9407037049666668
0.9407037049666668
0.9281984124547619
0.7843518503777779
0.10130158646190476
0.0
0.0
0.0
0.0839947081952381
0.6526984127809523
0.8106111096833334
0.9407037049666668
0.9407037049666668
0.9274576717880952
0.7843518503777779
0.0931164016952381
0.0
0.0
0.0
0.0839947081952381
0.654391534431746
0.8128333316833333
0.9407037049666668
0.9407037049666668
0.8902989402087302
0.7843518503777779
0.0931164016952381
0.0
0.0
0.0
0.0839947081952381
0.6489100529714286
0.8163253954928571
0.9407037049666668
0.9407037049666668
0.8902989402087302
0.7843518503777779
0.0931164016952381
0.0
0.0
0.0
0.0
0.0839947081952381
0.6667989421380952
0.81135185035
0.9407037049666668
0.9407037049666668
0.8882989402087301
0.7843518503777779
0.0931164016952381
0.0
0.0
0.0
0.0
0.0839947081952381
0.6530952390714284
0.8132037021277778
0.9407037049666668
0.9407037049666668
0.8882989402087301
0.7843518503777779
0.0931164016952381
0.0
0.0
0.0
0.0
0.0839947081952381
0.6626373260795094
0.9248650787880952
0.9407037049666668
0.9407037049666668
0.7509444443666666
0.7843518503777779
0.0931164016952381
0.0
0.0
0.0
0.0
0.0839947081952381
0.5624708997158729
0.9281984124547619
0.9407037049666668
0.9407037049666668
0.959669313936508
0.7843518503777779
0.0931164016952381
0.0
0.0
0.0
0.0
0.0839947081952381
0.45605820085476195
0.9274576717880952
0.9407037049666668
0.9407037049666668
0.9885185196666666
0.7843518503777779
0.0931164016952381
0.0
0.0
0.0
0.0
0.07806878297301587
0.7042433869769842
0.8842248662087303
0.9407037049666668
0.9407037049666668
0.9870370383333333
0.7843518503777779
0.0931164016952381
0.0
0.0
0.0
0.0
0.10522486725476192
0.6903731767895622
0.8902989402087302
0.9407037049666668
0.9407037049666668
0.9870370383333333
0.7843518503777779
0.0931164016952381
0.0
0.0
0.0
0.0
0.10655820085476192
0.7807486762492065
0.8882989402087301
0.9407037049666668
0.8581904771571429
0.9870370383333333
0.7843518503777779
0.0931164016952381
0.0
0.0
0.0
0.0
0.066957671584127
0.7843518503777779
0.8882989402087301
0.9407037049666668
0.8581904771571429
0.9407037049666668
0.7843518503777779
0.0931164016952381
0.0
0.0
0.0
0.0
0.08531745944920636
0.7843518503777779
0.9447231044544971
0.8581904771571429
0.8581904771571429
0.9407037049666668
0.7843518503777779
0.0931164016952381
0.0
0.0
0.0
0.0
0.04274073850000001
0.7843518503777779
0.959669313936508
0.8581904771571429
0.8581904771571429
0.9407037049666668
0.7843518503777779
0.0931164016952381
0.0
0.0
0.0
0.0
0.15090211557698416
0.7843518503777779
0.985925927
0.8581904771571429
0.8581904771571429
0.9407037049666668
0.7843518503777779
0.0931164016952381
0.0
0.0
0.0
0.0
0.10130158646190476
0.7843518503777779
0.9870370383333333
0.8581904771571429
0.8581904771571429
0.9407037049666668
0.7843518503777779
0.0931164016952381
0.0
0.0
0.0
0.0
0.0931164016952381
0.7843518503777779
0.9870370383333333
0.8581904771571429
0.8581904771571429
0.9407037049666668
0.7843518503777779
0.0931164016952381
0.0
0.0
0.0
0.0
0.0931164016952381
0.7843518503777779
0.9407037049666668
0.8581904771571429
0.9702645515793652
0.9407037049666668
0.7843518503777779
0.0931164016952381
0.0
0.0
0.0
0.0
0.0931164016952381
0.7843518503777779
0.9407037049666668
0.8581904771571429
0.9689682551904764
0.9407037049666668
0.7843518503777779
0.0931164016952381
0.0
0.0
0.0
0.0
0.0931164016952381
0.7843518503777779
0.9407037049666668
0.9702645515793652
0.9368835984111111
0.9407037049666668
0.7843518503777779
0.0931164016952381
0.0
0.0
0.0
0.0
0.0931164016952381
0.7843518503777779
0.9407037049666668
0.9689682551904764
0.9621031766190479
0.9407037049666668
0.7843518503777779
0.0931164016952381
0.0
0.0
0.0
0.0
0.0931164016952381
0.7843518503777779
0.9407037049666668
0.9368835984111111
0.8935396819761906
0.9407037049666668
0.7843518503777779
0.0931164016952381
0.0
0.0
0.0
0.0
0.0931164016952381
0.7843518503777779
0.9407037049666668
0.9621031766190479
0.8739312170238095
0.9407037049666668
0.7843518503777779
0.0931164016952381
0.0
0.0
0.0
0.0
0.0931164016952381
0.7843518503777779
0.9407037049666668
0.8935396819761906
0.929978834704762
0.9407037049666668
0.7843518503777779
0.0931164016952381
0.0
0.0
0.0
0.0
0.0931164016952381
0.7843518503777779
0.9407037049666668
0.9061164011571429
0.9364285703857144
0.9407037049666668
0.7843518503777779
0.0931164016952381
0.0
0.0
0.0
0.0
0.0931164016952381
0.7843518503777779
0.9407037049666668
0.9132328039428573
0.9417619045190476
0.9407037049666668
0.7843518503777779
0.0931164016952381
0.0
0.0
0.0
0.0
0.0931164016952381
0.7843518503777779
0.9407037049666668
0.9417619045190476
0.9417619045190476
0.9407037049666668
0.7941851837777777
0.23219047576190474
0.0
0.0
0.0
0.0
0.0931164016952381
0.7843518503777779
0.9407037049666668
0.9417619045190476
0.9417619045190476
0.8581904771571429
0.7941851837777777
0.23219047576190474
0.0
0.0
0.0
0.0
0.0931164016952381
0.7843518503777779
0.9407037049666668
0.9417619045190476
0.9417619045190476
0.8581904771571429
0.7862222208333332
0.25107936431746036
0.0
0.0
0.0
0.0
0.0931164016952381
0.7843518503777779
0.9407037049666668
0.9417619045190476
0.9417619045190476
0.8581904771571429
0.8106111096833334
0.6247724869365079
0.0
0.0
0.0
0.0
0.0931164016952381
0.7843518503777779
0.9407037049666668
0.9417619045190476
0.9417619045190476
0.8581904771571429
0.8106111096833334
0.6247724869365079
0.0
0.0
0.0
0.0
0.0931164016952381
0.7843518503777779
0.7839012357685184
0.9417619045190476
0.9417619045190476
0.8581904771571429
0.8128333316833333
0.6247724869365079
0.0
0.0
0.0
0.0
0.0931164016952381
0.7843518503777779
0.8581904771571429
0.9417619045190476
0.9417619045190476
0.8581904771571429
0.8163253954928571
0.6247724869365079
0.0
0.0
0.0
0.0
0.0931164016952381
0.7941851837777777
0.8581904771571429
0.9417619045190476
0.9417619045190476
0.8581904771571429
0.81135185035
0.6247724869365079
0.0
0.0
0.0
0.0
0.0931164016952381
0.7977037022777776
0.8581904771571429
0.9417619045190476
0.9417619045190476
0.8581904771571429
0.81135185035
0.6247724869365079
0.0
0.0
0.0
0.0
0.23219047576190474
0.8106111096833334
0.8581904771571429
0.9417619045190476
0.9417619045190476
0.8581904771571429
0.8132037021277778
0.6247724869365079
0.0
0.0
0.0
0.0
0.25107936431746036
0.8106111096833334
0.8581904771571429
0.9417619045190476
0.9417619045190476
0.9702645515793652
0.8719761895880952
0.6247724869365079
0.0
0.0
0.0
0.0
0.6247724869365079
0.8163253954928571
0.8581904771571429
0.9417619045190476
0.9417619045190476
0.9702645515793652
0.9248650787880952
0.6247724869365079
0.0
0.0
0.0
0.0
0.6247724869365079
0.81135185035
0.8581904771571429
0.9417619045190476
0.9417619045190476
0.9711904776904762
0.9248650787880952
0.6247724869365079
0.0
0.0
0.0
0.0
0.6247724869365079
0.8132037021277778
0.9702645515793652
0.9417619045190476
0.9417619045190476
0.940820106468254
0.9281984124547619
0.6247724869365079
0.0
0.0
0.0
0.0
0.6247724869365079
0.9248650787880952
0.9711904776904762
0.9417619045190476
0.9417619045190476
0.9363756619126985
0.9274576717880952
0.6247724869365079
0.0
0.0
0.0
0.0
0.6247724869365079
0.9248650787880952
0.9368835984111111
0.9417619045190476
0.9417619045190476
0.9621031766190479
0.8842248662087303
0.6247724869365079
0.0
0.0
0.0
0.0
0.6247724869365079
0.9274576717880952
0.9621031766190479
0.9267619040190477
0.9267619040190477
0.8935396819761906
0.8902989402087302
0.6247724869365079
0.0
0.0
0.0
0.0
0.6247724869365079
0.8842248662087303
0.8935396819761906
0.9216825394476191
0.9216825394476191
0.8916878297539683
0.8902989402087302
0.6247724869365079
0.0
0.0
0.0
0.0
0.6247724869365079
0.8902989402087302
0.8916878297539683
0.9216825394476191
0.8737195762809524
0.8739312170238095
0.8902989402087302
0.6247724869365079
0.0
0.0
0.0
0.0
0.6247724869365079
0.8882989402087301
0.954153439984127
0.8737195762809524
0.8737195762809524
0.954153439984127
0.8882989402087301
0.6247724869365079
0.0
0.0
0.0
0.014603173142857142
0.6158835978698413
0.8882989402087301
0.937391533652381
0.8737195762809524
0.8737195762809524
0.9585238124190477
0.8882989402087301
0.6158835978698413
0.014603173142857142
0.0
0.0
0.014603173142857142
0.5776613754698412
0.6743500883378306
0.9417619045190476
0.8737195762809524
0.8737195762809524
0.9364285703857144
0.8882989402087301
0.6158835978698413
0.014603173142857142
0.0
0.0
0.013333332
0.6371428572698412
0.9295326269576718
0.9417619045190476
0.8737195762809524
0.8737195762809524
0.9417619045190476
0.684085538075926
0.6158835978698413
0.014603173142857142
0.0
0.0
0.015555554
0.6526984127809523
0.6489629623925925
0.9417619045190476
0.8772751314809525
0.8792751316142857
0.9417619045190476
0.6743500883378306
0.6158835978698413
0.014603173142857142
0.0
0.0
0.017777776000000002
0.6526984127809523
0.985925927
0.9417619045190476
0.8776084647809523
0.8772751314809525
0.9417619045190476
0.9447231044544971
0.5776613754698412
0.014603173142857142
0.0
0.0
0.017777776000000002
0.5917248669714286
0.9870370383333333
0.9417619045190476
0.9217619041190477
0.8776084647809523
0.9417619045190476
0.9295326269576718
0.6176613756920635
0.014603173142857142
0.0
0.0
0.0019999998
0.6667989421380952
0.9870370383333333
0.9417619045190476
0.9447557317783069
0.9217619041190477
0.9417619045190476
0.959669313936508
0.6176613756920635
0.014603173142857142
0.0
0.0
0.026666665599999997
0.6530952390714284
0.9870370383333333
0.9417619045190476
0.939076719000529
0.8923174585190476
0.9417619045190476
0.6489629623925925
0.6538095240031745
0.013333332
0.0
0.0
0.0233333326
0.6626373260795094
0.9407037049666668
0.9417619045190476
0.939076719000529
0.939076719000529
0.9417619045190476
0.9860458567746032
0.6526984127809523
0.013333332
0.0
0.0
0.0839947081952381
0.5624708997158729
0.9407037049666668
0.9417619045190476
0.939076719000529
0.939076719000529
0.9417619045190476
0.985925927
0.6526984127809523
0.015555554
0.0
0.0
0.0839947081952381
0.45605820085476195
0.9407037049666668
0.9417619045190476
0.939076719000529
0.939076719000529
0.9417619045190476
0.9870370383333333
0.6526984127809523
0.015555554
0.0
0.0
0.0839947081952381
0.7042433869769842
0.9407037049666668
0.9417619045190476
0.939076719000529
0.939076719000529
0.9417619045190476
0.9870370383333333
0.6526984127809523
0.017777776000000002
0.0
0.0
0.0839947081952381
0.25098147931111114
0.9407037049666668
0.9417619045190476
0.939076719000529
0.939076719000529
0.9417619045190476
0.9870370383333333
0.654391534431746
0.017777776000000002
0.0
0.0
0.0839947081952381
0.40500210206145704
0.9407037049666668
0.9417619045190476
0.939076719000529
0.939076719000529
0.9417619045190476
0.9870370383333333
0.654391534431746
0.017777776000000002
0.0
0.0
0.0839947081952381
0.7843518503777779
0.9407037049666668
0.9417619045190476
0.939076719000529
0.939076719000529
0.9417619045190476
0.9870370383333333
0.5917248669714286
0.017777776000000002
0.0
0.0
0.0839947081952381
0.7843518503777779
0.9407037049666668
0.9417619045190476
0.939076719000529
0.939076719000529
0.9417619045190476
0.9870370383333333
0.6489100529714286
0.017777776000000002
0.0
0.0
0.0839947081952381
0.7843518503777779
0.9407037049666668
0.9417619045190476
0.939076719000529
0.939076719000529
0.9417619045190476
0.9870370383333333
0.6489100529714286
0.017777776000000002
0.0
0.0
0.0839947081952381
0.7843518503777779
0.9407037049666668
0.9417619045190476
0.939076719000529
0.939076719000529
0.9417619045190476
0.9870370383333333
0.6667989421380952
0.017777776000000002
0.0
0.0
0.0839947081952381
0.7843518503777779
0.9407037049666668
0.9417619045190476
0.939076719000529
0.939076719000529
0.9417619045190476
0.9407037049666668
0.6667989421380952
0.0019999998
0.0
0.0
0.0839947081952381
0.7843518503777779
0.9407037049666668
0.9417619045190476
0.939076719000529
0.939076719000529
0.9417619045190476
0.9407037049666668
0.6530952390714284
0.0019999998
0.0
0.0
0.0839947081952381
0.7843518503777779
0.9407037049666668
0.9417619045190476
0.939076719000529
0.939076719000529
0.9417619045190476
0.9407037049666668
0.6530952390714284
0.026666665599999997
0.0
0.0
0.0839947081952381
0.7843518503777779
0.9407037049666668
0.9417619045190476
0.939076719000529
0.939076719000529
0.9417619045190476
0.9407037049666668
0.6495396831603173
0.026666665599999997
0.0
0.0
0.0839947081952381
0.7843518503777779
0.9407037049666668
0.9267619040190477
0.939076719000529
0.939076719000529
0.9417619045190476
0.9407037049666668
0.6495396831603173
0.026666665599999997
0.0
0.0
0.09816137561190477
0.7843518503777779
0.9407037049666668
0.9304656084634921
0.939076719000529
0.939076719000529
0.9417619045190476
0.9407037049666668
0.6626373260795094
0.0233333326
0.0
0.0
0.10522486725476192
0.7843518503777779
0.9407037049666668
0.9216825394476191
0.939076719000529
0.939076719000529
0.9417619045190476
0.9407037049666668
0.6626373260795094
0.0233333326
0.0
0.0
0.10655820085476192
0.7843518503777779
0.9407037049666668
0.9216825394476191
0.939076719000529
0.939076719000529
0.9417619045190476
0.9407037049666668
0.6626373260795094
0.0233333326
0.0
0.0
0.066957671584127
0.7843518503777779
0.9407037049666668
0.8737195762809524
0.939076719000529
0.939076719000529
0.9417619045190476
0.9407037049666668
0.6172486776269841
0.0233333326
0.0
0.0
0.0
0.08531745944920636
0.7843518503777779
0.9407037049666668
0.8737195762809524
0.939076719000529
0.939076719000529
0.9417619045190476
0.9407037049666668
0.5624708997158729
0.0233333326
0.0
0.0
0.0
0.14853968292698413
0.7843518503777779
0.9407037049666668
0.8737195762809524
0.939076719000529
0.939076719000529
0.9417619045190476
0.9407037049666668
0.5570105823253967
0.0839947081952381
0.0
0.0
0.0
0.17255379068412696
0.7843518503777779
0.9407037049666668
0.8737195762809524
0.939076719000529
0.939076719000529
0.9417619045190476
0.9407037049666668
0.5653439155753968
0.0839947081952381
0.0
0.0
0.0
0.15090211557698416
0.7843518503777779
0.8581904771571429
0.8737195762809524
0.939076719000529
0.939076719000529
0.9417619045190476
0.9407037049666668
0.45605820085476195
0.0839947081952381
0.0
0.0
0.0
0.060320104784127
0.7843518503777779
0.8581904771571429
0.8737195762809524
0.939076719000529
0.939076719000529
0.9417619045190476
0.9407037049666668
0.45605820085476195
0.0839947081952381
0.0
0.0
0.0
0.10130158646190476
0.7843518503777779
0.8581904771571429
0.8737195762809524
0.939076719000529
0.939076719000529
0.9417619045190476
0.9407037049666668
0.47116931247698424
0.0839947081952381
0.0
0.0
0.0
0.0931164016952381
0.7843518503777779
0.8581904771571429
0.8737195762809524
0.939076719000529
0.939076719000529
0.9417619045190476
0.9407037049666668
0.6602433861380953
0.0839947081952381
0.0
0.0
0.0
0.0931164016952381
0.7843518503777779
0.8581904771571429
0.8792751316142857
0.939076719000529
0.939076719000529
0.9417619045190476
0.9407037049666668
0.7042433869769842
0.0839947081952381
0.0
0.0
0.0
0.0931164016952381
0.7843518503777779
0.8581904771571429
0.8792751316142857
0.939076719000529
0.939076719000529
0.9417619045190476
0.9407037049666668
0.699243386754762
0.0839947081952381
0.0
0.0
0.0
0.0931164016952381
0.7843518503777779
0.8581904771571429
0.8772751314809525
0.939076719000529
0.939076719000529
0.9417619045190476
0.9407037049666668
0.7005767194547619
0.0839947081952381
0.0
0.0
0.0
0.0931164016952381
0.7843518503777779
0.8581904771571429
0.8792751316142857
0.939076719000529
0.939076719000529
0.9417619045190476
0.9407037049666668
0.7005767194547619
0.0839947081952381
0.0
0.0
0.0
0.0931164016952381
0.7843518503777779
0.8581904771571429
0.8776084647809523
0.939076719000529
0.939076719000529
0.9417619045190476
0.9407037049666668
0.25098147931111114
0.0839947081952381
0.0
0.0
0.0
0.0931164016952381
0.7843518503777779
0.8581904771571429
0.8709417981142857
0.939076719000529
0.939076719000529
0.9417619045190476
0.9407037049666668
0.6903731767895622
0.0839947081952381
0.0
0.0
0.0
0.0931164016952381
0.7843518503777779
0.8581904771571429
0.876312168447619
0.939076719000529
0.939076719000529
0.9417619045190476
0.9407037049666668
0.7019287320340067
0.0839947081952381
0.0
0.0
0.0
0.0931164016952381
0.7843518503777779
0.8581904771571429
0.9217619041190477
0.939076719000529
0.939076719000529
0.9417619045190476
0.9407037049666668
0.40500210206145704
0.0839947081952381
0.0
0.0
0.0
0.0931164016952381
0.7843518503777779
0.8581904771571429
0.943817460652381
0.939076719000529
0.939076719000529
0.9417619045190476
0.9407037049666668
0.7876940018000002
0.0839947081952381
0.0
0.0
0.0
0.0931164016952381
0.7843518503777779
0.8581904771571429
0.9308915334190477
0.939076719000529
0.939076719000529
0.9417619045190476
0.9407037049666668
0.7807486762492065
0.0839947081952381
0.0
0.0
0.0
0.0931164016952381
0.7843518503777779
0.8581904771571429
0.8923174585190476
0.939076719000529
0.939076719000529
0.9417619045190476
0.9407037049666668
0.7790820097492064
0.0839947081952381
0.0
0.0
0.0
0.0931164016952381
0.7843518503777779
0.8581904771571429
0.9425335092783069
0.939076719000529
0.939076719000529
0.9417619045190476
0.9407037049666668
0.7843518503777779
0.0839947081952381
0.0
0.0
0.0
0.0931164016952381
0.7843518503777779
0.8581904771571429
0.9425335092783069
0.939076719000529
0.939076719000529
0.9417619045190476
0.9407037049666668
0.7843518503777779
0.0839947081952381
0.0
0.0
0.0
0.0931164016952381
0.7843518503777779
0.8581904771571429
0.939076719000529
0.939076719000529
0.939076719000529
0.9417619045190476
0.9407037049666668
0.7843518503777779
0.0839947081952381
0.0
0.0
0.0
0.0931164016952381
0.7843518503777779
0.8581904771571429
0.939076719000529
0.939076719000529
0.939076719000529
0.9417619045190476
0.9407037049666668
0.7843518503777779
0.0839947081952381
0.0
0.0
0.0
0.0931164016952381
0.7843518503777779
0.8581904771571429
0.939076719000529
0.939076719000529
0.939076719000529
0.9417619045190476
0.9407037049666668
0.7843518503777779
0.0839947081952381
0.0
0.0
0.0
0.0931164016952381
0.7843518503777779
0.8581904771571429
0.939076719000529
0.939076719000529
0.939076719000529
0.9417619045190476
0.9407037049666668
0.7843518503777779
0.0839947081952381
0.0
0.0
0.0
0.0931164016952381
0.7843518503777779
0.8581904771571429
0.939076719000529
0.939076719000529
0.939076719000529
0.9267619040190477
0.9407037049666668
0.7843518503777779
0.0839947081952381
0.0
0.0
0.0
0.0931164016952381
0.7843518503777779
0.8581904771571429
0.939076719000529
0.939076719000529
0.939076719000529
0.9267619040190477
0.9407037049666668
0.7843518503777779
0.0839947081952381
0.0
0.0
0.0
0.0931164016952381
0.7843518503777779
0.8581904771571429
0.939076719000529
0.939076719000529
0.939076719000529
0.9267619040190477
0.9407037049666668
0.7843518503777779
0.0839947081952381
0.0
0.0
0.0
0.0931164016952381
0.7843518503777779
0.8581904771571429
0.939076719000529
0.939076719000529
0.939076719000529
0.9267619040190477
0.9407037049666668
0.7843518503777779
0.0839947081952381
0.0
0.0
0.0
0.0931164016952381
0.7843518503777779
0.8581904771571429
0.939076719000529
0.939076719000529
0.939076719000529
0.9267619040190477
0.9407037049666668
0.7843518503777779
0.0839947081952381
0.0
0.0
0.0
0.0931164016952381
0.7843518503777779
0.8581904771571429
0.939076719000529
0.939076719000529
0.939076719000529
0.9267619040190477
0.9407037049666668
0.7843518503777779
0.0839947081952381
0.0
0.0
0.0
0.0931164016952381
0.7843518503777779
0.8581904771571429
0.939076719000529
0.939076719000529
0.939076719000529
0.9304656084634921
0.9407037049666668
0.7843518503777779
0.0839947081952381
0.0
0.0
0.0
0.0931164016952381
0.7843518503777779
0.8581904771571429
0.939076719000529
0.939076719000529
0.939076719000529
0.9304656084634921
0.9407037049666668
0.7843518503777779
0.0839947081952381
0.0
0.0
0.0
0.0931164016952381
0.7843518503777779
0.8581904771571429
0.939076719000529
0.939076719000529
0.939076719000529
0.9304656084634921
0.9407037049666668
0.7843518503777779
0.0839947081952381
0.0
0.0
0.0
0.0931164016952381
0.7843518503777779
0.9702645515793652
0.939076719000529
0.939076719000529
0.939076719000529
0.9304656084634921
0.9407037049666668
0.7843518503777779
0.0839947081952381
0.0
0.0
0.0
0.0931164016952381
0.7843518503777779
0.9702645515793652
0.939076719000529
0.939076719000529
0.939076719000529
0.9216825394476191
0.9407037049666668
0.7843518503777779
0.0839947081952381
0.0
0.0
0.0
0.0931164016952381
0.7843518503777779
0.9702645515793652
0.939076719000529
0.939076719000529
0.939076719000529
0.9216825394476191
0.9407037049666668
0.7843518503777779
0.0839947081952381
0.0
0.0
0.0
0.0
0.0931164016952381
0.7843518503777779
0.9702645515793652
0.939076719000529
0.939076719000529
0.939076719000529
0.9216825394476191
0.9407037049666668
0.7843518503777779
0.0839947081952381
0.0
0.0
0.0
0.0
0.0931164016952381
0.7843518503777779
0.9702645515793652
0.939076719000529
0.939076719000529
0.939076719000529
0.9216825394476191
0.9407037049666668
0.7843518503777779
0.0839947081952381
0.0
0.0
0.0
0.0
0.0931164016952381
0.7843518503777779
0.9702645515793652
0.939076719000529
0.939076719000529
0.939076719000529
0.9216825394476191
0.9407037049666668
0.7843518503777779
0.0839947081952381
0.0
0.0
0.0
0.0
0.0931164016952381
0.7843518503777779
0.9702645515793652
0.939076719000529
0.939076719000529
0.939076719000529
0.9216825394476191
0.9407037049666668
0.7843518503777779
0.07806878297301587
0.0
0.0
0.0
0.0
0.0931164016952381
0.7843518503777779
0.8581904771571429
0.939076719000529
0.939076719000529
0.939076719000529
0.9216825394476191
0.9407037049666668
0.7843518503777779
0.07806878297301587
0.0
0.0
0.0
0.0
0.0931164016952381
0.7843518503777779
0.8581904771571429
0.939076719000529
0.939076719000529
0.939076719000529
0.9216825394476191
0.9407037049666668
0.7843518503777779
0.09816137561190477
0.0
0.0
0.0
0.0
0.0931164016952381
0.7843518503777779
0.8581904771571429
0.939076719000529
0.939076719000529
0.939076719000529
0.9216825394476191
0.9407037049666668
0.7843518503777779
0.10522486725476192
0.0
0.0
0.0
0.0
0.0931164016952381
0.7843518503777779
0.8581904771571429
0.939076719000529
0.939076719000529
0.939076719000529
0.9216825394476191
0.9407037049666668
0.7843518503777779
0.10522486725476192
0.0
0.0
0.0
0.0
0.0931164016952381
0.7843518503777779
0.8581904771571429
0.939076719000529
0.939076719000529
0.939076719000529
0.8737195762809524
0.9407037049666668
0.7843518503777779
0.10522486725476192
0.0
0.0
0.0
0.0
0.0931164016952381
0.7843518503777779
0.8581904771571429
0.939076719000529
0.939076719000529
0.939076719000529
0.8737195762809524
0.9407037049666668
0.7843518503777779
0.10655820085476192
0.0
0.0
0.0
0.0
0.0931164016952381
0.7843518503777779
0.8581904771571429
0.939076719000529
0.939076719000529
0.939076719000529
0.8737195762809524
0.9407037049666668
0.7843518503777779
0.10655820085476192
0.0
0.0
0.0
0.0
0.0931164016952381
0.7843518503777779
0.8581904771571429
0.939076719000529
0.939076719000529
0.939076719000529
0.8737195762809524
0.9407037049666668
0.7843518503777779
0.08682804196746033
0.0
0.0
0.0
0.0
0.0931164016952381
0.7843518503777779
0.8581904771571429
0.939076719000529
0.939076719000529
0.939076719000529
0.8737195762809524
0.9407037049666668
0.7843518503777779
0.066957671584127
0.0
0.0
0.0
0.0
0.0931164016952381
0.7843518503777779
0.8581904771571429
0.939076719000529
0.939076719000529
0.939076719000529
0.8737195762809524
0.9407037049666668
0.7843518503777779
0.066957671584127
0.0
0.0
0.0
0.0
0.0931164016952381
0.7843518503777779
0.8581904771571429
0.939076719000529
0.939076719000529
0.939076719000529
0.8737195762809524
0.9407037049666668
0.7843518503777779
0.066957671584127
0.0
0.0
0.0
0.0
0.0931164016952381
0.7843518503777779
0.8581904771571429
0.939076719000529
0.939076719000529
0.939076719000529
0.8737195762809524
0.9407037049666668
0.7843518503777779
0.08531745944920636
0.0
0.0
0.0
0.0
0.0931164016952381
0.7843518503777779
0.8581904771571429
0.939076719000529
0.939076719000529
0.939076719000529
0.8737195762809524
0.9407037049666668
0.7843518503777779
0.09347618997777779
0.0
0.0
0.0
0.0
0.0931164016952381
0.7843518503777779
0.8581904771571429
0.939076719000529
0.939076719000529
0.939076719000529
0.8737195762809524
0.9407037049666668
0.7843518503777779
0.09347618997777779
0.0
0.0
0.0
0.0
0.0931164016952381
0.7843518503777779
0.8581904771571429
0.939076719000529
0.939076719000529
0.939076719000529
0.8737195762809524
0.9407037049666668
0.7843518503777779
0.14853968292698413
0.0
0.0
0.0
0.0
0.0931164016952381
0.7843518503777779
0.8581904771571429
0.939076719000529
0.939076719000529
0.939076719000529
0.8737195762809524
0.9407037049666668
0.7843518503777779
0.04274073850000001
0.0
0.0
0.0
0.0
0.0931164016952381
0.7843518503777779
0.8581904771571429
0.9425335092783069
0.939076719000529
0.939076719000529
0.8737195762809524
0.9407037049666668
0.7843518503777779
0.17255379068412696
0.0
0.0
0.0
0.0
0.0931164016952381
0.7843518503777779
0.8581904771571429
0.9425335092783069
0.939076719000529
0.939076719000529
0.8737195762809524
0.9407037049666668
0.7843518503777779
0.0
0.0
0.0
0.0
0.0
0.0931164016952381
0.7843518503777779
0.8581904771571429
0.9425335092783069
0.939076719000529
0.939076719000529
0.8737195762809524
0.9407037049666668
0.7843518503777779
0.0
0.0
0.0
0.0
0.0
0.0931164016952381
0.7843518503777779
0.8581904771571429
0.9447557317783069
0.939076719000529
0.939076719000529
0.8737195762809524
0.9407037049666668
0.7843518503777779
0.15090211557698416
0.0
0.0
0.0
0.0
0.0931164016952381
0.7843518503777779
0.8581904771571429
0.8923174585190476
0.939076719000529
0.939076719000529
0.8737195762809524
0.9407037049666668
0.7843518503777779
0.15090211557698416
0.0
0.0
0.0
0.0
0.0931164016952381
0.7843518503777779
0.8581904771571429
0.9308915334190477
0.939076719000529
0.939076719000529
0.8737195762809524
0.9407037049666668
0.7843518503777779
0.1669947096047619
0.0
0.0
0.0
0.0
0.0931164016952381
0.7843518503777779
0.8581904771571429
0.9308915334190477
0.939076719000529
0.939076719000529
0.8737195762809524
0.9407037049666668
0.7843518503777779
0.060320104784127
0.0
0.0
0.0
0.0
0.0931164016952381
0.7843518503777779
0.8581904771571429
0.943817460652381
0.939076719000529
0.939076719000529
0.8737195762809524
0.9407037049666668
0.7843518503777779
0.10130158646190476
0.0
0.0
0.0
0.0
0.0931164016952381
0.7843518503777779
0.8581904771571429
0.943817460652381
0.939076719000529
0.939076719000529
0.8737195762809524
0.9407037049666668
0.7843518503777779
0.10130158646190476
0.0
0.0
0.0
0.0
0.0931164016952381
0.7843518503777779
0.8581904771571429
0.943817460652381
0.939076719000529
0.939076719000529
0.8737195762809524
0.9407037049666668
0.7843518503777779
0.10130158646190476
0.0
0.0
0.0
0.0
0.0931164016952381
0.7843518503777779
0.8581904771571429
0.9382989415190477
0.939076719000529
0.939076719000529
0.8737195762809524
0.9407037049666668
0.7843518503777779
0.09607936436190476
0.0
0.0
0.0
0.0
0.0931164016952381
0.7843518503777779
0.8581904771571429
0.9217619041190477
0.939076719000529
0.939076719000529
0.8737195762809524
0.9407037049666668
0.7843518503777779
0.0931164016952381
0.0
0.0
0.0
0.0
0.0931164016952381
0.7843518503777779
0.8581904771571429
0.9192751310476192
0.939076719000529
0.939076719000529
0.8737195762809524
0.7839012357685184
0.7843518503777779
0.0931164016952381
0.0
0.0
0.0
0.0
0.0931164016952381
0.7843518503777779
0.8581904771571429
0.9192751310476192
0.939076719000529
0.939076719000529
0.8737195762809524
0.7839012357685184
0.7843518503777779
0.0931164016952381
0.0
0.0
0.0
0.0
0.0931164016952381
0.7843518503777779
0.8581904771571429
0.8709417981142857
0.939076719000529
0.939076719000529
0.8737195762809524
0.8581904771571429
0.7843518503777779
0.0931164016952381
0.0
0.0
0.0
0.0
0.0931164016952381
0.7843518503777779
0.8581904771571429
0.8709417981142857
0.939076719000529
0.939076719000529
0.8737195762809524
0.8581904771571429
0.7843518503777779
0.0931164016952381
0.0
0.0
0.0
0.0
0.0931164016952381
0.7843518503777779
0.8581904771571429
0.8709417981142857
0.939076719000529
0.939076719000529
0.8737195762809524
0.8581904771571429
0.7843518503777779
0.0931164016952381
0.0
0.0
0.0
0.0
0.0931164016952381
0.7843518503777779
0.8581904771571429
0.8776084647809523
0.939076719000529
0.939076719000529
0.8737195762809524
0.8581904771571429
0.7843518503777779
0.0931164016952381
0.0
0.0
0.0
0.0
0.0931164016952381
0.7843518503777779
0.8581904771571429
0.8776084647809523
0.939076719000529
0.939076719000529
0.8737195762809524
0.8581904771571429
0.7843518503777779
0.0931164016952381
0.0
0.0
0.0
0.0
0.0931164016952381
0.7843518503777779
0.8581904771571429
0.8776084647809523
0.939076719000529
0.939076719000529
0.8737195762809524
0.8581904771571429
0.7843518503777779
0.0931164016952381
0.0
0.0
0.0
0.0
0.0931164016952381
0.7843518503777779
0.8581904771571429
0.8792751316142857
0.939076719000529
0.939076719000529
0.8737195762809524
0.8581904771571429
0.7843518503777779
0.0931164016952381
0.0
0.0
0.0
0.0
0.0931164016952381
0.7843518503777779
0.8581904771571429
0.8792751316142857
0.939076719000529
0.939076719000529
0.8737195762809524
0.8581904771571429
0.7843518503777779
0.0931164016952381
0.0
0.0
0.0
0.0
0.0931164016952381
0.7843518503777779
0.8581904771571429
0.8792751316142857
0.939076719000529
0.939076719000529
0.8737195762809524
0.8581904771571429
0.7843518503777779
0.0931164016952381
0.0
0.0
0.0
0.0
0.0931164016952381
0.7843518503777779
0.8581904771571429
0.8772751314809525
0.939076719000529
0.939076719000529
0.8737195762809524
0.8581904771571429
0.7843518503777779
0.0931164016952381
0.0
0.0
0.0
0.0
0.0931164016952381
0.7843518503777779
0.8581904771571429
0.8772751314809525
0.939076719000529
0.939076719000529
0.8737195762809524
0.8581904771571429
0.7843518503777779
0.0931164016952381
0.0
0.0
0.0
0.0
0.0931164016952381
0.7843518503777779
0.8581904771571429
0.8772751314809525
0.939076719000529
0.939076719000529
0.8737195762809524
0.8581904771571429
0.7843518503777779
0.0931164016952381
0.0
0.0
0.0
0.0
0.0931164016952381
0.7843518503777779
0.8581904771571429
0.8772751314809525
0.939076719000529
0.939076719000529
0.8737195762809524
0.8581904771571429
0.7843518503777779
0.0931164016952381
0.0
0.0
0.0
0.0
0.0931164016952381
0.7843518503777779
0.8581904771571429
0.8772751314809525
0.939076719000529
0.939076719000529
0.8737195762809524
0.8581904771571429
0.7843518503777779
0.0931164016952381
0.0
0.0
0.0
0.0
0.0931164016952381
0.7843518503777779
0.8581904771571429
0.8772751314809525
0.939076719000529
0.939076719000529
0.8737195762809524
0.8581904771571429
0.7843518503777779
0.0931164016952381
0.0
0.0
0.0
0.0
0.0931164016952381
0.7843518503777779
0.8581904771571429
0.8792751316142857
0.939076719000529
0.939076719000529
0.8737195762809524
0.8581904771571429
0.7843518503777779
0.0931164016952381
0.0
0.0
0.0
0.0
0.0931164016952381
0.7843518503777779
0.8581904771571429
0.8792751316142857
0.939076719000529
0.939076719000529
0.8737195762809524
0.8581904771571429
0.7843518503777779
0.0931164016952381
0.0
0.0
0.0
0.0
0.0931164016952381
0.7843518503777779
0.8581904771571429
0.8792751316142857
0.939076719000529
0.939076719000529
0.8737195762809524
0.8581904771571429
0.7843518503777779
0.0931164016952381
0.0
0.0
0.0
0.0
0.0931164016952381
0.7843518503777779
0.8581904771571429
0.8792751316142857
0.939076719000529
0.939076719000529
0.8737195762809524
0.8581904771571429
0.7843518503777779
0.0931164016952381
0.0
0.0
0.0
0.0
0.0931164016952381
0.7843518503777779
0.8581904771571429
0.8792751316142857
0.939076719000529
0.939076719000529
0.8737195762809524
0.8581904771571429
0.7843518503777779
0.0931164016952381
0.0
0.0
0.0
0.0
0.0931164016952381
0.7843518503777779
0.8581904771571429
0.8737195762809524
0.939076719000529
0.939076719000529
0.8737195762809524
0.8581904771571429
0.7843518503777779
0.0931164016952381
0.0
0.0
0.0
0.0
0.0931164016952381
0.7843518503777779
0.8581904771571429
0.8737195762809524
0.939076719000529
0.939076719000529
0.8737195762809524
0.8581904771571429
0.7843518503777779
0.0931164016952381
0.0
0.0
0.0
0.0
0.09607936436190476
0.7843518503777779
0.8581904771571429
0.8737195762809524
0.939076719000529
0.939076719000529
0.8737195762809524
0.8581904771571429
0.7843518503777779
0.09607936436190476
0.0
0.0
0.0
0.0
0.10130158646190476
0.7843518503777779
0.8581904771571429
0.8737195762809524
0.939076719000529
0.939076719000529
0.8737195762809524
0.8581904771571429
0.7843518503777779
0.10130158646190476
0.0
0.0
0.0
0.0
0.10130158646190476
0.7843518503777779
0.8581904771571429
0.8737195762809524
0.939076719000529
0.939076719000529
0.8737195762809524
0.8581904771571429
0.7843518503777779
0.10130158646190476
0.0
0.0
0.0
0.0
0.060320104784127
0.7843518503777779
0.8581904771571429
0.8737195762809524
0.939076719000529
0.939076719000529
0.8737195762809524
0.8581904771571429
0.7843518503777779
0.060320104784127
0.0
0.0
0.0
0.0
0.15090211557698416
0.7843518503777779
0.7839012357685184
0.8737195762809524
0.939076719000529
0.939076719000529
0.8737195762809524
0.8581904771571429
0.7843518503777779
0.1669947096047619
0.0
0.0
0.0
0.0
0.15090211557698416
0.7843518503777779
0.7839012357685184
0.8737195762809524
0.939076719000529
0.939076719000529
0.8737195762809524
0.7839012357685184
0.7843518503777779
0.15090211557698416
0.0
0.0
0.0
0.0
0.0
0.7843518503777779
0.9407037049666668
0.8737195762809524
0.939076719000529
0.939076719000529
0.8737195762809524
0.7839012357685184
0.7843518503777779
0.0
0.0
0.0
0.0
0.0
0.17255379068412696
0.7843518503777779
0.9407037049666668
0.8737195762809524
0.939076719000529
0.939076719000529
0.8737195762809524
0.9407037049666668
0.7843518503777779
0.0
0.0
0.0
0.0
0.0
0.04274073850000001
0.7843518503777779
0.9407037049666668
0.8737195762809524
0.939076719000529
0.939076719000529
0.8737195762809524
0.9407037049666668
0.7843518503777779
0.04274073850000001
0.0
0.0
0.0
0.0
0.14853968292698413
0.7843518503777779
0.9407037049666668
0.8737195762809524
0.939076719000529
0.939076719000529
0.8737195762809524
0.9407037049666668
0.7843518503777779
0.14853968292698413
0.0
0.0
0.0
0.0
0.14853968292698413
0.7843518503777779
0.9407037049666668
0.8737195762809524
0.939076719000529
0.939076719000529
0.8737195762809524
0.9407037049666668
0.7843518503777779
0.09347618997777779
0.0
0.0
0.0
0.0
0.09347618997777779
0.7843518503777779
0.9407037049666668
0.8737195762809524
0.939076719000529
0.939076719000529
0.8737195762809524
0.9407037049666668
0.7843518503777779
0.08531745944920636
0.0
0.0
0.0
0.0
0.08531745944920636
0.7843518503777779
0.9407037049666668
0.8737195762809524
0.939076719000529
0.939076719000529
0.8737195762809524
0.9407037049666668
0.7843518503777779
0.066957671584127
0.0
0.0
0.0
0.0
0.08531745944920636
0.7843518503777779
0.9407037049666668
0.8737195762809524
0.939076719000529
0.939076719000529
0.8737195762809524
0.9407037049666668
0.7843518503777779
0.066957671584127
0.0
0.0
0.0
0.0
0.066957671584127
0.7843518503777779
0.9407037049666668
0.8737195762809524
0.939076719000529
0.939076719000529
0.8737195762809524
0.9407037049666668
0.7843518503777779
0.08682804196746033
0.0
0.0
0.0
0.0
0.066957671584127
0.7843518503777779
0.9407037049666668
0.8737195762809524
0.939076719000529
0.939076719000529
0.8737195762809524
0.9407037049666668
0.7843518503777779
0.10655820085476192
0.0
0.0
0.0
0.0
0.066957671584127
0.7843518503777779
0.9407037049666668
0.8737195762809524
0.939076719000529
0.939076719000529
0.8737195762809524
0.9407037049666668
0.7843518503777779
0.10522486725476192
0.0
0.0
0.0
0.08682804196746033
0.7843518503777779
0.9407037049666668
0.8737195762809524
0.939076719000529
0.939076719000529
0.8737195762809524
0.9407037049666668
0.7843518503777779
0.09816137561190477
0.0
0.0
0.0
0.08682804196746033
0.7843518503777779
0.9407037049666668
0.8737195762809524
0.939076719000529
0.939076719000529
0.8737195762809524
0.9407037049666668
0.7843518503777779
0.07806878297301587
0.0
0.0
0.0
0.10655820085476192
0.7843518503777779
0.9407037049666668
0.8737195762809524
0.939076719000529
0.939076719000529
0.8737195762809524
0.9407037049666668
0.7843518503777779
0.0839947081952381
0.0
0.0
0.10522486725476192
0.7843518503777779
0.9407037049666668
0.8737195762809524
0.939076719000529
0.939076719000529
0.9216825394476191
0.9407037049666668
0.7843518503777779
0.0839947081952381
0.0
0.0
0.10522486725476192
0.7843518503777779
0.9407037049666668
0.8737195762809524
0.939076719000529
0.939076719000529
0.9216825394476191
0.9407037049666668
0.7843518503777779
0.0839947081952381
0.0
0.0
0.10522486725476192
0.7843518503777779
0.9407037049666668
0.8737195762809524
0.939076719000529
0.939076719000529
0.9216825394476191
0.9407037049666668
0.7843518503777779
0.0839947081952381
0.0
0.0
0.10522486725476192
0.7843518503777779
0.9407037049666668
0.8737195762809524
0.939076719000529
0.939076719000529
0.9304656084634921
0.9407037049666668
0.7843518503777779
0.0839947081952381
0.0
0.0
0.09816137561190477
0.7843518503777779
0.9407037049666668
0.8737195762809524
0.939076719000529
0.939076719000529
0.9267619040190477
0.9407037049666668
0.7843518503777779
0.0839947081952381
0.0
0.0
0.09816137561190477
0.7843518503777779
0.9407037049666668
0.8737195762809524
0.939076719000529
0.939076719000529
0.9267619040190477
0.9407037049666668
0.7843518503777779
0.0839947081952381
0.0
0.0
0.07806878297301587
0.7843518503777779
0.9407037049666668
0.9216825394476191
0.939076719000529
0.939076719000529
0.9417619045190476
0.9407037049666668
0.7843518503777779
0.0839947081952381
0.0
0.0
0.07806878297301587
0.7843518503777779
0.9407037049666668
0.9216825394476191
0.939076719000529
0.939076719000529
0.9417619045190476
0.9407037049666668
0.7843518503777779
0.0839947081952381
0.0
0.0
0.0839947081952381
0.7843518503777779
0.9407037049666668
0.9216825394476191
0.939076719000529
0.939076719000529
0.9417619045190476
0.9407037049666668
0.7843518503777779
0.0839947081952381
0.0
0.0
0.0839947081952381
0.7843518503777779
0.9407037049666668
0.9216825394476191
0.939076719000529
0.939076719000529
0.9417619045190476
0.9407037049666668
0.7843518503777779
0.0839947081952381
0.0
0.0
0.0839947081952381
0.7843518503777779
0.9407037049666668
0.9304656084634921
0.939076719000529
0.939076719000529
0.9417619045190476
0.9407037049666668
0.7790820097492064
0.0839947081952381
0.0
0.0
0.0839947081952381
0.7843518503777779
0.9407037049666668
0.9304656084634921
0.939076719000529
0.939076719000529
0.9417619045190476
0.9407037049666668
0.40500210206145704
0.0839947081952381
0.0
0.0
0.0839947081952381
0.7843518503777779
0.9407037049666668
0.9267619040190477
0.939076719000529
0.939076719000529
0.9417619045190476
0.9407037049666668
0.25098147931111114
0.0839947081952381
0.0
0.0
0.0839947081952381
0.7843518503777779
0.9407037049666668
0.9267619040190477
0.939076719000529
0.939076719000529
0.9417619045190476
0.9407037049666668
0.699243386754762
0.0839947081952381
0.0
0.0
0.0839947081952381
0.7843518503777779
0.9407037049666668
0.9267619040190477
0.939076719000529
0.939076719000529
0.9417619045190476
0.9407037049666668
0.47116931247698424
0.0839947081952381
0.0
0.0
0.0839947081952381
0.7843518503777779
0.9407037049666668
0.9417619045190476
0.939076719000529
0.939076719000529
0.9417619045190476
0.9407037049666668
0.5653439155753968
0.0839947081952381
0.0
0.0
0.0839947081952381
0.7843518503777779
0.9407037049666668
0.9417619045190476
0.939076719000529
0.939076719000529
0.9417619045190476
0.9407037049666668
0.6172486776269841
0.0233333326
0.0
0.0
0.0839947081952381
0.7843518503777779
0.9407037049666668
0.9417619045190476
0.939076719000529
0.939076719000529
0.9417619045190476
0.9407037049666668
0.6626373260795094
0.0233333326
0.0
0.0
0.0839947081952381
0.7843518503777779
0.9407037049666668
0.9417619045190476
0.939076719000529
0.939076719000529
0.9417619045190476
0.9407037049666668
0.6530952390714284
0.026666665599999997
0.0
0.0
0.0839947081952381
0.7843518503777779
0.9407037049666668
0.9417619045190476
0.939076719000529
0.939076719000529
0.9417619045190476
0.9407037049666668
0.6667989421380952
0.0019999998
0.0
0.0
0.0839947081952381
0.7843518503777779
0.9407037049666668
0.9417619045190476
0.939076719000529
0.939076719000529
0.9417619045190476
0.9870370383333333
0.6489100529714286
0.017777776000000002
0.0
0.0
0.0839947081952381
0.7843518503777779
0.9407037049666668
0.9417619045190476
0.939076719000529
0.939076719000529
0.9417619045190476
0.9870370383333333
0.654391534431746
0.017777776000000002
0.0
0.0
0.0839947081952381
0.7843518503777779
0.9407037049666668
0.9417619045190476
0.939076719000529
0.939076719000529
0.9417619045190476
0.9870370383333333
0.6526984127809523
0.015555554
0.0
0.0
0.0839947081952381
0.7843518503777779
0.9407037049666668
0.9417619045190476
0.939076719000529
0.939076719000529
0.9417619045190476
0.9870370383333333
0.6526984127809523
0.013333332
0.0
0.0
0.0839947081952381
0.7843518503777779
0.9407037049666668
0.9417619045190476
0.939076719000529
0.939076719000529
0.9417619045190476
0.9758730182857143
0.6176613756920635
0.014603173142857142
0.0
0.0
0.0839947081952381
0.7843518503777779
0.9407037049666668
0.9417619045190476
0.939076719000529
0.939076719000529
0.9417619045190476
0.6736384499555554
0.6158835978698413
0.014603173142857142
0.0
0.0
0.0839947081952381
0.7843518503777779
0.9407037049666668
0.9417619045190476
0.939076719000529
0.939076719000529
0.9417619045190476
0.9447231044544971
0.6158835978698413
0.0
0.0
0.0
0.0839947081952381
0.7843518503777779
0.9407037049666668
0.9417619045190476
0.939076719000529
0.939076719000529
0.9417619045190476
0.684085538075926
0.6247724869365079
0.0
0.0
0.0
0.0839947081952381
0.7843518503777779
0.9407037049666668
0.9417619045190476
0.939076719000529
0.939076719000529
0.9417619045190476
0.8882989402087301
0.6247724869365079
0.0
0.0
0.0
0.0839947081952381
0.7843518503777779
0.9407037049666668
0.9417619045190476
0.939076719000529
0.943817460652381
0.9417619045190476
0.8882989402087301
0.6247724869365079
0.0
0.0
0.0
0.0839947081952381
0.7843518503777779
0.9407037049666668
0.9417619045190476
0.939076719000529
0.8709417981142857
0.9417619045190476
0.8902989402087302
0.6247724869365079
0.0
0.0
0.0
0.0839947081952381
0.7843518503777779
0.9407037049666668
0.9417619045190476
0.939076719000529
0.8792751316142857
0.9585238124190477
0.8842248662087303
0.6247724869365079
0.0
0.0
0.0
0.0839947081952381
0.7843518503777779
0.9407037049666668
0.9417619045190476
0.939076719000529
0.8792751316142857
0.49903703748888895
0.9274576717880952
0.6247724869365079
0.0
0.0
0.0
0.0839947081952381
0.7807486762492065
0.9407037049666668
0.9417619045190476
0.9425335092783069
0.8737195762809524
0.8916878297539683
0.9281984124547619
0.6247724869365079
0.0
0.0
0.0
0.0839947081952381
0.7876940018000002
0.9407037049666668
0.9417619045190476
0.943817460652381
0.8737195762809524
0.9621031766190479
0.9248650787880952
0.6247724869365079
0.0
0.0
0.0
0.0839947081952381
0.7019287320340067
0.9407037049666668
0.9417619045190476
0.8709417981142857
0.8737195762809524
0.9452601414074076
0.66098148005
0.6247724869365079
0.0
0.0
0.0
0.0839947081952381
0.25098147931111114
0.9407037049666668
0.9417619045190476
0.8792751316142857
0.8737195762809524
0.9368835984111111
0.81135185035
0.25107936431746036
0.0
0.0
0.0
0.0839947081952381
0.7005767194547619
0.9407037049666668
0.9417619045190476
0.8792751316142857
0.9216825394476191
0.9711904776904762
0.8163253954928571
0.23219047576190474
0.0
0.0
0.0
0.0839947081952381
0.699243386754762
0.9407037049666668
0.9417619045190476
0.8737195762809524
0.9216825394476191
0.9702645515793652
0.8128333316833333
0.23219047576190474
0.0
0.0
0.0
0.0839947081952381
0.6602433861380953
0.9407037049666668
0.9417619045190476
0.8737195762809524
0.9267619040190477
0.8581904771571429
0.8106111096833334
0.0931164016952381
0.0
0.0
0.0
0.0839947081952381
0.47116931247698424
0.9407037049666668
0.9417619045190476
0.8737195762809524
0.9417619045190476
0.8581904771571429
0.7862222208333332
0.0931164016952381
0.0
0.0
0.0
0.0839947081952381
0.45605820085476195
0.9407037049666668
0.9417619045190476
0.8737195762809524
0.9417619045190476
0.8581904771571429
0.7941851837777777
0.0931164016952381
0.0
0.0
0.0
0.0839947081952381
0.5653439155753968
0.9870370383333333
0.9417619045190476
0.8737195762809524
0.9417619045190476
0.8581904771571429
0.7843518503777779
0.0931164016952381
0.0
0.0
0.0
0.0839947081952381
0.5624708997158729
0.9870370383333333
0.9417619045190476
0.9216825394476191
0.9417619045190476
0.8581904771571429
0.7843518503777779
0.0931164016952381
0.0
0.0
0.0
0.0839947081952381
0.6626373260795094
0.9870370383333333
0.9417619045190476
0.9267619040190477
0.9417619045190476
0.8581904771571429
0.7843518503777779
0.0931164016952381
0.0
0.0
0.0
0.0839947081952381
0.6626373260795094
0.9870370383333333
0.9417619045190476
0.9417619045190476
0.9417619045190476
0.8581904771571429
0.7843518503777779
0.0931164016952381
0.0
0.0
0.0
0.0839947081952381
0.6495396831603173
0.9870370383333333
0.937391533652381
0.9417619045190476
0.9417619045190476
0.8581904771571429
0.7843518503777779
0.0931164016952381
0.0
0.0
0.0
0.0839947081952381
0.6530952390714284
0.9892592603333333
0.9525978841174604
0.9417619045190476
0.9417619045190476
0.9407037049666668
0.7843518503777779
0.0931164016952381
0.0
0.0
0.0
0.0233333326
0.6530952390714284
0.6489629623925925
0.9061164011571429
0.9417619045190476
0.9417619045190476
0.9407037049666668
0.7843518503777779
0.0931164016952381
0.0
0.0
0.0
0.0233333326
0.6667989421380952
0.6736384499555554
0.8916878297539683
0.9417619045190476
0.9417619045190476
0.9407037049666668
0.7843518503777779
0.0931164016952381
0.0
0.0
0.0
0.0233333326
0.6489100529714286
0.9131305114021164
0.9621031766190479
0.9417619045190476
0.9417619045190476
0.9407037049666668
0.7843518503777779
0.0931164016952381
0.0
0.0
0.0
0.0233333326
0.5917248669714286
0.6743500883378306
0.9621031766190479
0.9417619045190476
0.9417619045190476
0.9407037049666668
0.7843518503777779
0.0931164016952381
0.0
0.0
0.0
0.026666665599999997
0.654391534431746
0.8882989402087301
0.9368835984111111
0.9417619045190476
0.9417619045190476
0.9407037049666668
0.7843518503777779
0.0931164016952381
0.0
0.0
0.0
0.026666665599999997
0.6526984127809523
0.8882989402087301
0.940820106468254
0.9417619045190476
0.9417619045190476
0.9407037049666668
0.7843518503777779
0.0931164016952381
0.0
0.0
0.0
0.0019999998
0.6526984127809523
0.8882989402087301
0.9702645515793652
0.9417619045190476
0.9417619045190476
0.9407037049666668
0.7843518503777779
0.0931164016952381
0.0
0.0
0.0
0.017777776000000002
0.6538095240031745
0.8902989402087302
0.9702645515793652
0.9417619045190476
0.9417619045190476
0.9407037049666668
0.7843518503777779
0.0931164016952381
0.0
0.0
0.0
0.017777776000000002
0.6176613756920635
0.8902989402087302
0.8581904771571429
0.9417619045190476
0.9585238124190477
0.9407037049666668
0.7843518503777779
0.0931164016952381
0.0
0.0
0.0
0.017777776000000002
0.5776613754698412
0.8842248662087303
0.8581904771571429
0.9417619045190476
0.9061164011571429
0.9407037049666668
0.7843518503777779
0.1669947096047619
0.0
0.0
0.0
0.017777776000000002
0.6158835978698413
0.9274576717880952
0.8581904771571429
0.9417619045190476
0.8935396819761906
0.9407037049666668
0.7843518503777779
0.17255379068412696
0.0
0.0
0.0
0.017777776000000002
0.6158835978698413
0.9281984124547619
0.8581904771571429
0.9417619045190476
0.9621031766190479
0.9407037049666668
0.7843518503777779
0.09347618997777779
0.0
0.0
0.0
0.015555554
0.6158835978698413
0.9248650787880952
0.8581904771571429
0.9417619045190476
0.9368835984111111
0.9407037049666668
0.7843518503777779
0.066957671584127
0.0
0.0
0.0
0.013333332
0.6247724869365079
0.9248650787880952
0.8581904771571429
0.9417619045190476
0.9711904776904762
0.9870370383333333
0.7843518503777779
0.10522486725476192
0.0
0.0
0.0
0.013333332
0.6247724869365079
0.8132037021277778
0.8581904771571429
0.9274126975190475
0.9702645515793652
0.9870370383333333
0.7843518503777779
0.09816137561190477
0.0
0.0
0.014603173142857142
0.6247724869365079
0.81135185035
0.8581904771571429
0.49903703748888895
0.8581904771571429
0.9870370383333333
0.7843518503777779
0.0839947081952381
0.0
0.0
0.014603173142857142
0.6247724869365079
0.8163253954928571
0.7839012357685184
0.8916878297539683
0.8581904771571429
0.6489629623925925
0.7876940018000002
0.0839947081952381
0.0
0.0
0.014603173142857142
0.6247724869365079
0.8163253954928571
0.9407037049666668
0.9621031766190479
0.8581904771571429
0.9131305114021164
0.25098147931111114
0.0839947081952381
0.0
0.0
0.014603173142857142
0.6247724869365079
0.8106111096833334
0.9407037049666668
0.9363756619126985
0.8581904771571429
0.684085538075926
0.6309100530380952
0.0839947081952381
0.0
0.0
0.0
0.6247724869365079
0.8106111096833334
0.9407037049666668
0.940820106468254
0.8581904771571429
0.8882989402087301
0.5653439155753968
0.0839947081952381
0.0
0.0
0.0
0.6247724869365079
0.7862222208333332
0.9407037049666668
0.9702645515793652
0.8581904771571429
0.8902989402087302
0.6626373260795094
0.0839947081952381
0.0
0.0
0.0
0.6247724869365079
0.7941851837777777
0.9407037049666668
0.8581904771571429
0.8581904771571429
0.8902989402087302
0.6495396831603173
0.0839947081952381
0.0
0.0
0.0
0.6247724869365079
0.7941851837777777
0.9407037049666668
0.8581904771571429
0.9407037049666668
0.9274576717880952
0.6667989421380952
0.0839947081952381
0.0
0.0
0.0
0.6247724869365079
0.7843518503777779
0.9407037049666668
0.8581904771571429
0.9407037049666668
0.9281984124547619
0.5917248669714286
0.0839947081952381
0.0
0.0
0.0
0.6247724869365079
0.7843518503777779
0.9407037049666668
0.8581904771571429
0.9407037049666668
0.9248650787880952
0.6526984127809523
0.0839947081952381
0.0
0.0
0.0
0.6247724869365079
0.7843518503777779
0.9407037049666668
0.8581904771571429
0.9407037049666668
0.8132037021277778
0.6526984127809523
0.0839947081952381
0.0
0.0
0.0
0.25107936431746036
0.7843518503777779
0.9407037049666668
0.8581904771571429
0.9407037049666668
0.81135185035
0.6176613756920635
0.0839947081952381
0.0
0.0
0.0
0.23219047576190474
0.7843518503777779
0.9407037049666668
0.8581904771571429
0.9407037049666668
0.8163253954928571
0.6158835978698413
0.0233333326
0.0
0.0
0.0
0.23219047576190474
0.7843518503777779
0.9407037049666668
0.8581904771571429
0.9407037049666668
0.8106111096833334
0.6158835978698413
0.0233333326
0.0
0.0
0.0
0.0931164016952381
0.7843518503777779
0.9407037049666668
0.9407037049666668
0.9407037049666668
0.8106111096833334
0.6247724869365079
0.026666665599999997
0.0
0.0
0.0
0.0931164016952381
0.7843518503777779
0.9407037049666668
0.9407037049666668
0.9407037049666668
0.7977037022777776
0.6247724869365079
0.0019999998
0.0
0.0
0.0
0.0931164016952381
0.7843518503777779
0.9407037049666668
0.9407037049666668
0.9407037049666668
0.7941851837777777
0.6247724869365079
0.017777776000000002
0.0
0.0
0.0
0.0931164016952381
0.7843518503777779
0.9870370383333333
0.9407037049666668
0.9407037049666668
0.7843518503777779
0.6247724869365079
0.017777776000000002
0.0
0.0
0.0
0.0931164016952381
0.7843518503777779
0.9870370383333333
0.9407037049666668
0.9407037049666668
0.7843518503777779
0.6247724869365079
0.015555554
0.0
0.0
0.0
0.0931164016952381
0.7843518503777779
0.9870370383333333
0.9407037049666668
0.9407037049666668
0.7843518503777779
0.6247724869365079
0.013333332
0.0
0.0
0.0
0.0931164016952381
0.7843518503777779
0.9892592603333333
0.9407037049666668
0.9407037049666668
0.7843518503777779
0.6247724869365079
0.014603173142857142
0.0
0.0
0.0
0.0931164016952381
0.7843518503777779
0.959669313936508
0.9407037049666668
0.9870370383333333
0.7843518503777779
0.6247724869365079
0.014603173142857142
0.0
0.0
0.0
0.0931164016952381
0.7843518503777779
0.9447231044544971
0.9407037049666668
0.9870370383333333
0.7843518503777779
0.6247724869365079
0.014603173142857142
0.0
0.0
0.0
0.0931164016952381
0.7843518503777779
0.684085538075926
0.9407037049666668
0.9870370383333333
0.7843518503777779
0.6247724869365079
0.0
0.0
0.0
0.0
0.0931164016952381
0.7843518503777779
0.8882989402087301
0.9407037049666668
0.9870370383333333
0.7843518503777779
0.25107936431746036
0.0
0.0
0.0
0.0
0.0931164016952381
0.7843518503777779
0.8902989402087302
0.9407037049666668
0.6489629623925925
0.7843518503777779
0.25107936431746036
0.0
0.0
0.0
0.0
0.0931164016952381
0.7843518503777779
0.8902989402087302
0.9407037049666668
0.9295326269576718
0.7843518503777779
0.23219047576190474
0.0
0.0
0.0
0.0
0.0931164016952381
0.7843518503777779
0.8842248662087303
0.9407037049666668
0.6743500883378306
0.7843518503777779
0.0931164016952381
0.0
0.0
0.0
0.0
0.0931164016952381
0.7843518503777779
0.9281984124547619
0.9407037049666668
0.8882989402087301
0.7843518503777779
0.0931164016952381
0.0
0.0
0.0
0.0
0.0931164016952381
0.7843518503777779
0.9248650787880952
0.9870370383333333
0.8882989402087301
0.7843518503777779
0.0931164016952381
0.0
0.0
0.0
0.0
0.0931164016952381
0.7843518503777779
0.8719761895880952
0.9870370383333333
0.8902989402087302
0.7843518503777779
0.0931164016952381
0.0
0.0
0.0
0.0
0.0931164016952381
0.7843518503777779
0.8132037021277778
0.9870370383333333
0.8902989402087302
0.7843518503777779
0.0931164016952381
0.0
0.0
0.0
0.0
0.0931164016952381
0.7843518503777779
0.81135185035
0.9860458567746032
0.8842248662087303
0.7843518503777779
0.0931164016952381
0.0
0.0
0.0
0.0
0.0931164016952381
0.7843518503777779
0.8163253954928571
0.6736384499555554
0.9281984124547619
0.7843518503777779
0.0931164016952381
0.0
0.0
0.0
0.0
0.0931164016952381
0.7876940018000002
0.8106111096833334
0.9447231044544971
0.9248650787880952
0.7843518503777779
0.0931164016952381
0.0
0.0
0.0
0.0
0.0931164016952381
0.25098147931111114
0.8106111096833334
0.684085538075926
0.9248650787880952
0.7843518503777779
0.0931164016952381
0.0
0.0
0.0
0.0
0.0931164016952381
0.7042433869769842
0.7862222208333332
0.8882989402087301
0.66098148005
0.7843518503777779
0.0931164016952381
0.0
0.0
0.0
0.0
0.10130158646190476
0.45605820085476195
0.7941851837777777
0.8882989402087301
0.81135185035
0.7843518503777779
0.0931164016952381
0.0
0.0
0.0
0.0
0.1669947096047619
0.5570105823253967
0.7941851837777777
0.8902989402087302
0.81135185035
0.7843518503777779
0.0931164016952381
0.0
0.0
0.0
0.0
0.17255379068412696
0.6626373260795094
0.7843518503777779
0.8902989402087302
0.8163253954928571
0.7843518503777779
0.0931164016952381
0.0
0.0
0.0
0.0
0.14853968292698413
0.6495396831603173
0.7843518503777779
0.8842248662087303
0.8128333316833333
0.7843518503777779
0.0931164016952381
0.0
0.0
0.0
0.0
0.066957671584127
0.6530952390714284
0.7843518503777779
0.9281984124547619
0.8106111096833334
0.7843518503777779
0.0931164016952381
0.0
0.0
0.0
0.0
0.08682804196746033
0.6489100529714286
0.7843518503777779
0.9248650787880952
0.8106111096833334
0.7843518503777779
0.0931164016952381
0.0
0.0
0.0
0.0
0.10655820085476192
0.5917248669714286
0.7843518503777779
0.9248650787880952
0.8106111096833334
0.7843518503777779
0.0931164016952381
0.0
0.0
0.0
0.0
0.10522486725476192
0.6526984127809523
0.7843518503777779
0.8719761895880952
0.7862222208333332
0.7843518503777779
0.0931164016952381
0.0
0.0
0.0
0.0
0.07806878297301587
0.6526984127809523
0.7843518503777779
0.8132037021277778
0.7941851837777777
0.7843518503777779
0.0931164016952381
0.0
0.0
0.0
0.0
0.0839947081952381
0.6538095240031745
0.7843518503777779
0.81135185035
0.7941851837777777
0.7843518503777779
0.0931164016952381
0.0
0.0
0.0
0.0
0.0839947081952381
0.6176613756920635
0.7843518503777779
0.8163253954928571
0.7843518503777779
0.7843518503777779
0.0931164016952381
0.0
0.0
0.0
0.0
0.0839947081952381
0.6158835978698413
0.7843518503777779
0.8163253954928571
0.7843518503777779
0.7843518503777779
0.0931164016952381
0.0
0.0
0.0
0.0
0.0839947081952381
0.6158835978698413
0.7843518503777779
0.8128333316833333
0.7843518503777779
0.7843518503777779
0.0931164016952381
0.0
0.0
0.0
0.0
0.0839947081952381
0.6158835978698413
0.7843518503777779
0.8106111096833334
0.7843518503777779
0.7843518503777779
0.0931164016952381
0.0
0.0
0.0
0.0
0.0839947081952381
0.6247724869365079
0.7843518503777779
0.8106111096833334
0.7843518503777779
0.7843518503777779
0.0931164016952381
0.0
0.0
0.0
0.0
0.0839947081952381
0.6247724869365079
0.7843518503777779
0.8106111096833334
0.7843518503777779
0.7790820097492064
0.0931164016952381
0.0
0.0
0.0
0.0
0.0839947081952381
0.6247724869365079
0.7843518503777779
0.7862222208333332
0.7843518503777779
0.7807486762492065
0.0931164016952381
0.0
0.0
0.0
0.0
0.0839947081952381
0.6247724869365079
0.7843518503777779
0.7977037022777776
0.7843518503777779
0.7876940018000002
0.0931164016952381
0.0
0.0
0.0
0.0
0.0839947081952381
0.6247724869365079
0.7843518503777779
0.7941851837777777
0.7843518503777779
0.40500210206145704
0.0931164016952381
0.0
0.0
0.0
0.0
0.0839947081952381
0.6247724869365079
0.7843518503777779
0.7941851837777777
0.7843518503777779
0.7019287320340067
0.0931164016952381
0.0
0.0
0.0
0.0
0.0839947081952381
0.6247724869365079
0.7843518503777779
0.7941851837777777
0.7843518503777779
0.7019287320340067
0.0931164016952381
0.0
0.0
0.0
0.0
0.0839947081952381
0.6247724869365079
0.7843518503777779
0.7843518503777779
0.7843518503777779
0.6903731767895622
0.0931164016952381
0.0
0.0
0.0
0.0
0.0839947081952381
0.6247724869365079
0.7843518503777779
0.7843518503777779
0.7843518503777779
0.6903731767895622
0.0931164016952381
0.0
0.0
0.0
0.0
0.0839947081952381
0.6247724869365079
0.7843518503777779
0.7843518503777779
0.7843518503777779
0.6903731767895622
0.0931164016952381
0.0
0.0
0.0
0.0
0.0839947081952381
0.6247724869365079
0.7843518503777779
0.7843518503777779
0.7843518503777779
0.6903731767895622
0.0931164016952381
0.0
0.0
0.0
0.0
0.0839947081952381
0.6247724869365079
0.7843518503777779
0.7843518503777779
0.7843518503777779
0.6903731767895622
0.0931164016952381
0.0
0.0
0.0
0.0
0.0839947081952381
0.6247724869365079
0.7843518503777779
0.7843518503777779
0.7843518503777779
0.6903731767895622
0.0931164016952381
0.0
0.0
0.0
0.0
0.0233333326
0.6247724869365079
0.7843518503777779
0.7843518503777779
0.7843518503777779
0.6903731767895622
0.0931164016952381
0.0
0.0
0.0
0.0
0.0233333326
0.6247724869365079
0.7843518503777779
0.7843518503777779
0.7843518503777779
0.7019287320340067
0.0931164016952381
0.0
0.0
0.0
0.0
0.0233333326
0.6247724869365079
0.7843518503777779
0.7843518503777779
0.7843518503777779
0.7019287320340067
0.0931164016952381
0.0
0.0
0.0
0.0
0.026666665599999997
0.25107936431746036
0.7843518503777779
0.7843518503777779
0.7843518503777779
0.4016687688947904
0.0931164016952381
0.0
0.0
0.0
0.0
0.026666665599999997
0.25107936431746036
0.7843518503777779
0.7843518503777779
0.7843518503777779
0.40500210206145704
0.0931164016952381
0.0
0.0
0.0
0.0019999998
0.25107936431746036
0.7843518503777779
0.7843518503777779
0.7843518503777779
0.7876940018000002
0.0931164016952381
0.0
0.0
0.0
0.017777776000000002
0.23219047576190474
0.7843518503777779
0.7843518503777779
0.7843518503777779
0.7807486762492065
0.0931164016952381
0.0
0.0
0.0
0.017777776000000002
0.23219047576190474
0.7843518503777779
0.7843518503777779
0.7843518503777779
0.7790820097492064
0.0931164016952381
0.0
0.0
0.0
0.017777776000000002
0.23219047576190474
0.7843518503777779
0.7843518503777779
0.7843518503777779
0.7843518503777779
0.0931164016952381
0.0
0.0
0.0
0.017777776000000002
0.23219047576190474
0.7843518503777779
0.7843518503777779
0.7843518503777779
0.7843518503777779
0.0931164016952381
0.0
0.0
0.0
0.017777776000000002
0.23219047576190474
0.7843518503777779
0.7843518503777779
0.7843518503777779
0.7843518503777779
0.0931164016952381
0.0
0.0
0.0
0.017777776000000002
0.0931164016952381
0.7843518503777779
0.7843518503777779
0.7843518503777779
0.7843518503777779
0.0931164016952381
0.0
0.0
0.0
0.017777776000000002
0.0931164016952381
0.7843518503777779
0.7843518503777779
0.7843518503777779
0.7843518503777779
0.0931164016952381
0.0
0.0
0.0
0.017777776000000002
0.0931164016952381
0.7843518503777779
0.7843518503777779
0.7843518503777779
0.7843518503777779
0.0931164016952381
0.0
0.0
0.0
0.015555554
0.0931164016952381
0.7843518503777779
0.7843518503777779
0.7843518503777779
0.7843518503777779
0.0931164016952381
0.0
0.0
0.0
0.015555554
0.0931164016952381
0.7843518503777779
0.7843518503777779
0.7843518503777779
0.7843518503777779
0.0931164016952381
0.0
0.0
