0.585366
0.079268
0.830793
0.4375
0.079776
0.833333
0.852642
0.8125
0.331301
0.119919
0.339431
0.201728
0.599085
0.813008
0.139228
0.325203
0.674289
0.254065
0.488821
0.132622
0.439533
0.452744
0.599593
0.714431
0.25813
0.304878
0.020325
0.542175
0.096545
0.126016
0.363313
0.260163
0.25813
0.497459
0.614837
0.650407
0.793191
0.07876
0.488821
0.511179
0.317073
0.064024
0.639228
0.337907
0.198679
0.142276
0.793191
0.027947
0.600102
0.01626
0.494411
0.565041
0.830793
0.4375
0.436484
0.46748
0.674289
0.387195
0.251524
0.28252
0.182419
0.149898
0.124492
0.614329
0.040142
0.873984
0.833333
0.754573
0.714939
0.193089
0.768801
0.057419
0.372459
0.277439
0.694106
0.162602
0.238821
0.040142
0.264228
0.283028
0.441565
0.309959
0.027439
0.26372
0.813008
0.325203
0.813008
0.07876
0.522358
0.323171
0.715447
0.527947
0.773374
0.190041
0.694106
0.50813
0.813516
0.064024
0.264228
0.677337
0.366362
0.58435
0.043191
0.497459
0.020325
0.04065
0.198679
0.194614
0.831809
0.451728
0.313008
0.566565
0.370935
0.169207
0.73374
0.223577
0.377033
0.387195
0.485264
0.376524
0.659553
0.358232
0.077744
0.73374
0.555386
0.345528
0.198679
0.252541
0.299289
0.234248
0.678354
0.209858
0.483232
0.027439
0.416667
0.873984
0.654472
0.735264
0.772866
0.618394
0.444614
0.416667
0.035569
0.733232
0.020325
0.325203
0.65498
0.041667
0.412602
0.378557
0.420732
0.696646
0.755081
0.852134
0.020325
0.528455
0.852642
0.368394
0.541667
0.696646
0.256098
0.64126
0.076728
0.733232
0.495935
0.020325
0.139228
0.040142
0.581301
0.328252
0.746951
0
0.490854
0.813008
0.618394
0.079776
0.386179
0.377033
0.23628
0.317581
0.328252
0.524898
0.659045
0.230183
0.090447
0.618394
0.436484
0.447154
0.575203
0.196138
0.831809
0.456809
0.477642
0.314533
0.019817
0.162602
0.194106
0.495935
0.386179
0.139228
0.083333
0.317581
0.45376
0.500508
0.549289
0.077236
0.618902
0.65752
0.198679
0.081301
0.555386
0.099593
0.050813
0.809451
0.213415
0.157012
0.660061
0.149898
0.65752
0.674289
0.264228
0.377033
0.255589
0.449187
0.206301
0.189024
0.602134
0.753557
0.485264
0.252033
0.674289
0.691057
0.436484
0.831809
0.67937
0.355691
0.373476
0.513211
0.143801
0.019817
0.48374
0.793191
0.386179
0.495935
0.272358
0.488313
0.624492
0.300813
0.446646
0.050813
0.043191
0.734248
0.377033
0.630081
0.436484
0.329776
0.118902
0.203252
0.408537
0.602134
0.045732
0.524898
0.136179
0.793191
0.630081
0.813008
0.155996
0.58435
0.081809
0.398374
0.602134
0.151931
0.20935
0.831301
0.377033
0.650407
0.813516
0.754573
0.136179
0.348577
0.529472
0.474593
0.264736
0.134654
0.831301
0.73374
0.081301
0.318089
0.045224
0.245935
0.384146
0.480183
0.338923
0.753049
0.271341
0.425813
0.674289
0.447154
0.793699
0.196138
0.471545
0.787602
0.569106
0.553354
0.772358
0.772866
0.309959
0.515752
0.223577
0.377541
0.773882
0.113821
0.787602
0.213923
0.713923
0.508638
0.541667
0.541667
0.25813
0.264228
0.139736
0.658028
0.245935
0.242378
0.363821
0.766768
0.788618
0.433435
0.599085
0.456301
0.691057
0.496443
0.658028
0.039126
0.351118
0.533537
0.55437
0.514228
0.079776
0.194106
0.159045
0.081301
0.674797
0.368394
0.547764
0.143801
0.308943
0.450203
0.075203
0.809959
0.48374
0.436484
0.630081
0.615346
0.504065
0.200203
0.149898
0.362805
0.536585
0.788618
0.490854
0.194106
0.813008
0.752033
0.259146
0.773882
0.546748
0.77185
0.207317
0.286585
0.660061
0.151931
0.425305
0.813008
0.203252
0.139736
0.831809
0.151931
0.551829
0.310976
0.294207
0.349593
0.753557
0.194106
0.040142
0.833333
0.793699
0.773882
0.471545
0.107724
0.418699
0.448679
0.294715
0.471037
0.599085
0.040142
0.223577
0.674289
0.252541
0.13313
0.569106
0.207317
0.767785
0.47815
0.245935
0.020325
0.277947
0.589431
0.813516
0.831809
0.433943
0.140752
0.207317
0.388211
0.25813
0.302846
0.271341
0.753557
0.284553
0.160061
0.542683
0.027439
0.625
0.362805
0.343496
0.068598
0.533537
0.246951
0.696646
0.694106
0.650407
0.813516
0.601626
0.605183
0.302337
0.217988
0.315549
0.277439
0.422764
0.245935
0.425305
0.099593
0.569106
0.813516
0.60061
0.189533
0.588415
0.136687
0.44563
0.339431
0.588415
0.019817
0.446138
0.159045
0.569106
0.635163
0.021341
0.530488
0.352642
0.433435
0.587907
0.161585
0.313008
0.207825
0.213415
0.040142
0.569106
0.259146
0.542175
0.640752
0.73374
0.550305
0.507622
0.368394
0.259146
0.416159
0.329268
0.39685
0.325203
0.200203
0.600102
0.027439
0.537602
0.704268
0.635163
0.132114
0.643293
0.190041
0.27185
0.159045
0.386179
0.457825
0.044207
0.527947
0.501016
0.45376
0.237297
0.180894
0.294715
0.415142
0.368394
0.634654
0.833333
0.754065
0.620427
0.756098
0.767276
0.404472
0.564533
0.194106
0.244411
0.09502
0.368902
0.040142
0.894309
0.337907
0.851118
0.527947
0.027439
0.503049
0.285061
0.330285
0.515244
0.379573
0.271341
0.39685
0.650407
0.378049
0.155996
0.039126
0.183435
0.151423
0.655996
0.452744
0.73374
0.153455
0.136687
0.317581
0.101626
0.872967
0.503557
0.306402
0.55437
0.147358
0.49187
0.353659
0.644817
0.58689
0.310467
0.040142
0.264228
0.754065
0.735264
0.58435
0.131606
0.586382
0.223069
0.026931
0.514736
0.191057
0.600102
0.495935
0.569106
0.140752
0.213923
0.640752
0.714431
0.292683
0.242378
0.230691
0.407012
0.247967
0.136687
0.297764
0.325203
0.794715
0.27185
0.302337
0.066565
0.196138
0.32876
0.422256
0.767785
0.208333
0.155488
0.377033
0.081301
0.04065
0.254573
0.753049
0.027439
0
0.246951
0.388211
0.287093
0.492378
0.213415
0.238313
0.894309
0.199695
0.619411
0.099085
0.506606
0.239329
0.44563
0.372459
0.061484
0.305386
0.85061
0.872459
0.223577
0.813516
0.503557
0.094512
0.694614
0.301321
0.283537
0.639736
0.397866
0.509146
0.271341
0.099593
0.772358
0.635163
0.735264
0.42378
0.435976
0.298272
0.397866
0.706809
0.517785
0.095528
0.676829
0.813008
0.264228
0.042683
0.104167
0.698679
0.182419
0.279472
0.602134
0.27185
0.305894
0.82876
0.039634
0.536077
0.772358
0.456809
0.137703
0.40752
0.440549
0.098069
0.114329
0.323679
0.182419
0.82876
0.425813
0.65498
0.345528
0.557419
0.776931
0.479167
0.27998
0.276931
0.125
0.234248
0.465955
0.528455
0.465447
0.297764
0.223577
0.397358
0.527439
0.753557
0.331809
0.207825
0.511179
0.313516
0.04624
0.264736
0.773374
0.872459
0.528455
0.061992
0.830285
0.07876
0.373476
0.206301
0.265244
0.625508
0.786077
0.416159
0.465447
0.178862
0.650407
0.456809
0.435467
0.261179
0.596037
0.259654
0.178354
0.173272
0.465447
0.039126
0.309959
0.337398
0.04065
0.100102
0.604675
0.479167
0.344512
0.288618
0.3125
0.090447
0.120427
0.039126
0.291667
0.753557
0.772358
0.418699
0.134146
0.368902
0.491362
0.224085
0.297256
0.234756
0.612805
0.130589
0.618902
0.099593
0.549797
0.635163
0.773374
0.254065
0.491362
0.390752
0.298272
0.510163
0.506098
0.643801
0.676829
0.159045
0.225102
0.04065
0.379065
0.734248
0.722053
0.155488
0.145325
0.22815
0.29878
0.204776
0.560976
0.278455
0.792683
0.241362
0.528963
0.679878
0.575711
0.378049
0.419715
0.510163
0.214431
0.09502
0.389736
0.337907
0.284553
0.280488
0.100102
0.169207
0.17937
0.239329
0.164634
0.354675
0.713415
0.039126
0.541667
0.04065
0.041667
0.15752
0.209858
0.574187
0.414634
0.114329
0.186484
0.678862
0.195122
0.277947
0.349085
0.040142
0.325203
0.215955
0.380589
0.098069
0.038618
0.457317
0.39685
0.541667
0.42124
0.536585
0.349593
0.297764
0.426829
0.235264
0.26626
0.734248
0.631606
0.29624
0.331809
0.199695
0.402947
0.041159
0.272866
0.575203
0.285569
0.215955
0.663618
0.59248
0.085366
0.11128
0.224085
0.410061
0.454776
0.721037
0.754065
0.219512
0.304878
0.118902
0.610772
0.471037
0.177846
0.199695
0.101626
0.482215
0.783028
0.538618
0.174797
0.397866
0.36687
0.563008
0.585366
0.039634
0.360772
0.094004
0.159045
0.183943
0.314533
0.058435
0.522358
0.773374
0.469512
0.292683
0.153455
0.061484
0.376016
0.291667
0.227134
0.438516
0.550305
0.594004
0.063008
0.119411
0.182927
0.332825
0.285061
0.473577
0.48374
0.152439
0.140244
0.268801
0.10874
0.71748
0.39126
0.713923
0.792683
0.640244
0.27998
0.179878
0.191057
0.078252
0.057419
0.509654
0.310467
0.223577
0.285569
0.198679
0.121951
0.061484
0.444614
0.524898
0.177337
0.094004
0.042683
0.412602
0.134146
0.083841
0.248984
0.832825
0.103659
0.466463
0.060467
0.377033
0.22815
0.043699
0.04878
0.493902
0.396341
0.259654
0.322663
0.200203
0.144817
0.292175
0.115346
0.075203
0.140752
0.054878
0.052846
0.375
0.059959
0.645325
0.229675
0.119411
0.609756
0.543191
0.664126
0.058435
0.15498
0.055386
0.05437
0.168699
0.498984
0.117886
0.059959
0.59502
0.304878
0.353659
0.059451
0.231199
0.158537
0.055894
0.055894
0.127541
0.645325
0.291667
0.360264
0.535569
0.120427
0.485264
0.059451
0.166667
0.082317
0.056402
0.056911
0.144309
0.104167
0.34502
0.513211
0.238313
0.418699
0.486789
0.498476
0.07622
0.176829
0.056911
0.058943
0.356199
0.17378
0.22002
0.850102
0.239837
0.199695
0.543191
0.160569
0.307419
0.314024
0.057419
0.060467
0.51372
0.32876
0.342988
0.737297
0.416667
0.060976
0.060467
0.648882
0.085874
0.155996
0.99187
0.990854
0.122459
0.549797
0.664634
0.30437
0.357724
0.240346
0.176829
0.119919
0.363313
0.239837
0.982724
0.980691
0.207825
0.114329
0.57622
0.30437
0.357215
0.299797
0.814024
0.399898
0.234756
0.08689
0.982724
0.987805
0.085874
0.266768
0.416159
0.07876
0.239837
0.854675
0.123984
0.13313
0.221545
0.10061
0.978659
0.979675
0.278963
0.490854
0.71748
0.135671
0.535569
0.120935
0.080285
0.210874
0.328252
0.156504
0.991362
0.987805
0.335874
0.291667
0.077236
0.36128
0.637195
0.497459
0.814533
0.451728
0.098069
0.162602
0.984756
0.98628
0.144309
0.36128
0.64939
0.8125
0.555386
0.14126
0.080285
0.346545
0.40752
0.198679
0.980691
0.983232
0.263211
0.272866
0.136179
0.36128
0.198679
0.081301
0.588923
0.651423
0.105691
0.134654
0.985264
0.988821
0.138211
0.417175
0.135671
0.593496
0.27998
0.379065
0.158028
0.246443
0.441565
0.151931
0.999492
0.985264
0.229675
0.434451
0.096037
0.15752
0.912093
0.22002
0.512703
0.079268
0.610264
0.172764
0.987297
0.985264
0.15498
0.130081
0.564024
0.756098
0.912093
0.795224
0.75813
0.099593
0.11128
0.174289
0.981707
0.981707
0.186484
0.246951
0.719512
0.36128
0.495935
0.301321
0.53252
0.251016
0.110772
0.174797
0.985772
0.997967
0.180894
0.321646
0.321138
0.756098
0.557419
0.557419
0.720528
0.432927
0.197154
0.175813
0.990854
0.983232
0.189533
0.448679
0.207317
0.267276
0.317581
0.140752
0.239329
0.14685
0.307927
0.175813
0.994919
0.98628
0.191057
0.286585
0.098577
0.299289
0.079776
0.933943
0.10061
0.308943
0.233232
0.175813
0.981707
0.994411
0.193598
0.140244
0.096037
0.484248
0.598069
0.399898
0.102642
0.704776
0.142276
0.985264
0.995935
0.987297
0.194614
0.141768
0.267276
0.098069
0.39685
0.933943
0.815041
0.473069
0.567581
0.986789
0.996951
0.982724
0.195122
0.178354
0.459858
0.098069
0.162093
0.398882
0.778455
0.338923
0.185467
0.991362
0.988313
0.982215
0.989837
0.175305
0.752541
0.173272
0.340447
0.220528
0.101118
0.563008
0.335874
0.984248
0.994919
0.983232
0.996951
0.17378
0.114329
0.374492
0.380589
0.815041
0.327236
0.159045
0.197663
0.981199
0.981199
0.992886
0.984248
0.477642
0.373476
0.447663
0.180894
0.125
0.339431
0.136687
0.423272
0.985264
0.990854
0.983232
0.978659
0.311992
0.783028
0.776931
0.476118
0.815041
0.778455
0.612805
0.366362
0.985264
0.985772
0.980183
0.991362
0.316057
0.610264
0.384654
0.535569
0.259654
0.138211
0.733232
0.270325
0.980183
0.982215
0.995427
0.995427
0.225102
0.149898
0.228659
0.416667
0.518801
0.118902
0.42378
0.302337
0.988313
0.990854
0.985772
0.988821
0.98628
0.248476
0.151931
0.136179
0.123476
0.41311
0.244411
0.219004
0.314024
0.993394
0.997967
0.983232
0.995427
0.990346
0.259654
0.198171
0.136179
0.224085
0.297256
0.229675
0.310467
0.321138
0.994919
0.996443
0.982215
0.998476
0.993394
0.289126
0.359248
0.299289
0.713923
0.777439
0.40752
0.184959
0.321646
0.984756
0.992886
0.986789
0.980183
0.996443
0.357724
0.184451
0.15498
0.139228
0.142785
0.472053
0.544207
0.322154
0.979675
0.982215
0.980691
0.981707
0.998476
0.342988
0.535569
0.156504
0.373476
0.584858
0.32622
0.381606
0.323171
0.98374
0.985264
0.994411
0.981707
0.998984
0.361789
0.210874
0.744411
0.605183
0.160569
0.176321
0.255081
0.982724
0.984248
0.98628
0.980183
0.992886
0.982724
0.363821
0.240346
0.367886
0.159045
0.451728
0.382622
0.248476
0.981199
0.987805
0.981707
0.987805
0.984248
0.993902
0.364837
0.302846
0.17378
0.159045
0.160569
0.32876
0.276931
0.995427
0.981707
0.987297
0.982724
0.997459
0.982724
0.366362
0.233232
0.817581
0.277439
0.335366
0.287602
0.29065
0.990346
0.986789
0.983232
0.987297
0.984756
0.98628
0.367378
0.248984
0.17378
0.336382
0.45122
0.283028
0.46189
0.982724
0.988821
0.988821
0.995935
0.988821
0.983232
0.986789
0.656504
0.817581
0.198171
0.412602
0.364837
0.476118
0.981707
0.991362
0.995935
0.984756
0.981707
0.980691
0.998476
0.316565
0.214939
0.178862
0.473069
0.569614
0.38872
0.994411
0.979675
0.992378
0.98374
1
0.98628
0.979167
0.308435
0.83689
0.721545
0.542175
0.481707
0.410061
0.987297
0.996443
0.995427
0.996951
0.996443
0.981707
0.990854
0.350102
0.83689
0.198679
0.200203
0.268801
0.515244
0.989837
0.980691
0.984756
0.980691
0.993394
0.991362
0.990854
0.599085
0.228659
0.219512
0.219512
0.265244
0.507114
0.987805
0.996951
0.983232
0.994919
0.98374
0.994411
0.988821
0.590955
0.35061
0.933943
0.369919
0.381098
0.535569
0.982215
0.992378
0.983232
0.988821
0.980691
0.981707
0.983232
0.457317
0.810976
0.238313
0.579776
0.771341
0.536077
0.98628
0.984248
0.978659
0.990346
0.996443
0.980691
0.997967
0.505081
0.810976
0.740346
0.65498
0.747967
0.536585
0.979675
0.991362
0.990346
0.995427
0.99187
0.977642
0.986789
0.591972
0.316565
0.316565
0.25813
0.373476
0.53811
0.985264
0.978659
0.98628
0.98628
0.999492
0.981707
0.98374
0.592988
0.333841
0.393801
0.296748
0.581809
0.989329
0.985772
0.996951
0.983232
0.997967
0.997459
0.997459
0.995935
0.592988
0.791159
0.277947
0.299797
0.412602
0.990346
0.981199
0.981199
0.996951
0.985264
0.996443
0.994919
0.988313
0.594512
0.367378
0.297256
0.316057
0.731199
0.984756
0.994919
0.984248
0.995427
0.982215
0.981199
0.996951
0.98374
0.595528
0.570122
0.316565
0.77185
0.501016
0.989329
0.984248
0.98628
0.989329
0.978659
0.984756
0.99187
0.990854
0.597053
0.416667
0.355183
0.373476
0.730691
0.987297
0.99187
0.981707
0.984248
0.982724
0.979675
0.993902
0.997459
0.988313
0.769817
0.376016
0.392276
0.731707
0.988821
0.982724
0.990346
0.998476
0.982215
0.982215
0.997967
0.983232
0.98628
0.768293
0.393801
0.429878
0.71189
0.984756
0.982215
0.982724
0.981707
0.981707
0.988313
0.984248
0.990346
0.98628
0.54065
0.432419
0.450203
0.722053
0.986789
0.98374
0.987297
0.981199
0.988313
0.988821
0.986789
0.98628
0.989837
0.612805
0.918699
0.466972
0.733232
0.986789
0.995427
0.985264
0.980183
0.992378
0.98628
0.993902
0.995427
0.988821
0.768293
0.918699
0.819614
0.73374
0.98628
0.981199
0.999492
0.986789
0.990346
0.98628
0.983232
0.999492
0.989329
0.769309
0.64126
0.57622
0.734248
0.990346
0.98374
0.979167
0.995427
0.989329
0.982724
0.98628
0.98628
0.988313
0.770325
0.584858
0.887195
0.734756
0.985772
0.979675
0.985772
0.98628
0.98628
0.992886
0.993394
0.997459
0.987297
0.770833
0.697663
0.735264
0.735264
0.987297
0.997967
0.981199
0.988821
0.995427
0.996951
0.995935
0.998984
0.989837
0.771341
0.697663
0.735772
0.735772
0.985264
0.998984
0.979167
0.998984
0.997459
1
0.992378
0.980183
0.989837
0.771341
0.77185
0.80437
0.987805
0.986789
0.990854
0.980183
0.997967
0.989329
0.999492
0.990346
0.990346
0.990346
0.77185
0.863313
0.88872
0.988313
0.988313
0.989329
0.990854
0.98628
0.983232
0.979167
0.982215
0.985264
0.987297
0.77185
0.918191
0.889228
0.988313
0.986789
0.999492
0.980183
0.997459
0.993394
0.981199
0.988313
0.980183
0.985264
0.989837
0.986789
0.917683
0.889228
0.989837
0.985264
0.993902
0.994411
0.985264
0.98628
0.987805
0.997459
0.997967
0.981199
0.990346
0.987297
0.916667
0.889736
0.98628
0.987805
0.994919
0.983232
0.981199
0.990854
0.984756
0.988821
0.982215
0.988821
0.990346
0.99187
0.916667
0.889736
0.984756
0.988313
0.985772
0.990346
0.997967
0.989329
0.993902
0.995935
0.989837
0.994919
0.987805
0.988313
0.916667
0.890244
0.987297
0.98628
0.986789
0.985264
0.981199
0.979167
0.992886
0.99187
0.99187
0.982724
0.99187
0.988821
0.916667
0.89126
0.989329
0.990854
0.997459
0.992886
0.980691
0.979167
0.985772
0.995427
0.989329
0.989837
0.989329
0.990854
0.916667
0.89126
0.986789
0.989329
0.980691
0.990854
0.992378
0.988821
0.980691
0.995427
0.98374
0.981199
0.990854
0.987297
0.916159
0.89126
0.985264
0.988821
0.981707
0.98374
0.981707
0.994919
0.985772
0.995935
0.998984
0.994411
0.98628
0.987297
0.916159
0.987297
0.989837
0.987297
0.985264
0.998476
0.981707
0.990346
0.987297
0.990346
0.991362
0.992378
0.986789
0.987805
0.91565
0.98628
0.989837
0.984756
0.98374
0.985264
0.985772
0.987297
0.98374
0.983232
0.985772
0.995427
0.988821
0.985264
0.988313
0.989837
0.987297
0.989837
0.984248
0.987805
0.979675
0.993902
0.990854
0.984756
0.995935
0.981707
0.99187
0.985264
0.987297
0.989329
0.987805
0.988821
0.990854
0.987297
1
0.988821
0.982215
0.982215
0.989837
0.991362
0.987297
0.987805
0.989837
0.989837
0.990346
0.989329
0.989329
0.981707
0.982724
0.987805
0.986789
0.986789
0.979167
0.988821
0.989837
0.989837
0.988821
0.98628
0.987297
0.984756
0.98374
0.988313
0.980691
0.982215
0.981199
0.999492
0.996443
0.982215
0.987805
0.988313
0.987805
0.986789
0.990346
0.989329
0.985772
0.985264
1
0.979675
0.98628
0.987805
0.98374
0.998476
0.988313
0.984248
0.985772
0.988313
0.989837
0.990346
0.995427
0.982724
0.982724
0.984756
0.995427
0.994411
0.984756
0.992886
0.989329
0.985264
0.987805
0.98628
0.989837
0.987805
0.986789
0.989329
0.989837
0.998476
0.992378
0.979675
0.997967
0.994411
0.989329
0.985264
0.989329
0.989329
0.988821
0.988313
0.998984
0.993902
0.998476
0.981707
0.987805
0.996443
0.985264
0.985264
0.989837
0.987805
0.987297
0.988821
0.989329
0.988313
0.989837
0.982724
0.979167
0.985264
0.99187
0.992886
0.984756
0.997967
0.989837
0.992378
0.989837
0.987805
0.990346
0.987297
0.989837
1
0.994919
0.98628
0.995935
0.992378
0.990854
0.98374
0.985264
0.988313
0.987805
0.987297
0.987805
0.992378
0.981707
0.994919
0.980183
0.993902
0.982215
0.988821
0.996951
0.987297
0.987297
0.984756
0.988821
0.987805
0.989329
0.985772
0.987297
0.983232
0.984756
0.987297
0.999492
0.982215
0.990346
0.983232
0.986789
0.990346
0.986789
0.98628
0.985264
0.986789
0.988313
0.98374
0.993902
0.982724
0.992886
0.988313
0.984248
0.993902
0.987297
0.989329
0.986789
0.989329
0.986789
0.989329
0.996951
0.993394
0.988313
0.990346
0.982215
0.981707
0.982215
0.985264
0.987805
0.987297
0.985772
0.988313
0.985772
0.987805
0.982724
0.990854
0.98628
0.998984
0.982724
0.987297
0.985772
0.997967
0.989329
0.98628
0.987805
0.98628
0.987297
0.989329
0.985772
0.988313
0.988313
0.990854
0.98628
0.981199
0.997459
1
0.987297
0.990346
0.987297
0.987805
0.989329
0.989329
0.991362
0.989329
0.980691
0.998476
0.981707
0.979675
0.98374
0.98628
0.987805
0.989329
0.986789
0.987805
0.987297
0.986789
0.979675
0.984756
0.991362
0.979167
0.983232
0.983232
0.981707
0.994411
0.987297
0.988821
0.986789
0.990854
0.988313
0.98628
0.989837
0.983232
0.978659
0.986789
0.985772
0.983232
0.993394
0.990854
0.989837
0.988313
0.985772
0.991362
0.985772
0.987805
0.985264
0.997459
0.984248
0.987805
0.981707
0.983232
0.986789
0.994919
0.987805
0.988821
0.985264
0.988313
0.988821
0.987297
0.984756
0.983232
0.992378
0.99187
0.992886
0.985264
0.993902
0.995935
0.98628
0.990346
0.988313
0.989329
0.988821
0.986789
0.981707
0.984756
0.993394
0.980183
0.988313
0.985264
0.994411
0.983232
0.988313
0.985264
0.986789
0.985772
0.98628
0.988821
0.981707
0.982724
0.992378
0.982724
0.994411
0.985772
0.984248
0.988313
0.988313
0.989837
0.987297
0.989329
0.984756
0.990346
0.981707
0.994919
0.985264
0.98374
0.981707
0.982724
0.996443
0.984248
0.987805
0.989329
0.989837
0.987805
0.98628
0.988313
0.982215
1
0.989329
0.999492
0.997459
0.996951
0.980691
0.982724
0.987805
0.98628
0.987297
0.98628
0.992378
0.985772
0.995935
0.995935
0.979167
0.981707
0.984248
0.994411
0.981199
0.999492
0.986789
0.987805
0.987297
0.988821
0.985772
0.988821
0.992886
0.984756
0.999492
0.98628
0.984248
0.984756
0.983232
0.985264
0.98628
0.990346
0.986789
0.987297
0.98628
0.986789
0.992378
0.993902
0.994411
0.984756
0.993902
0.978659
0.997967
0.988313
0.984248
0.990854
0.987805
0.98628
0.989837
0.985264
0.99187
0.984248
0.979675
0.980183
0.997967
0.998984
0.98628
0.982724
0.987297
0.990854
0.988313
0.985772
0.986789
0.988313
0.981199
0.980183
0.997459
0.998476
0.984248
0.980691
0.984248
0.993394
0.986789
0.987805
0.988821
0.988821
0.988313
0.988821
0.990346
0.98374
0.996951
0.985772
0.986789
0.994919
0.98628
0.979675
0.990346
0.990346
0.98628
0.986789
0.987805
0.988313
0.993394
0.984248
0.980691
0.985264
0.998984
0.98628
0.985264
0.99187
0.990346
0.989329
0.988313
0.988313
0.990346
0.987297
0.98374
0.986789
0.994919
0.982724
0.990854
0.981199
0.983232
0.980691
0.985264
0.988313
0.989837
0.987805
0.985772
0.987805
0.982215
0.991362
0.995935
0.992378
0.987297
0.989837
0.98628
0.979675
0.987805
0.990854
0.89939
0.908537
0.987805
0.990346
0.995427
0.990346
0.985772
0.994919
0.987297
0.985772
0.988313
0.996443
0.990346
0.989329
0.898882
0.909045
0.988313
0.990346
0.990854
0.984756
0.993902
0.989837
0.997459
0.980691
0.983232
0.989329
0.989837
0.989837
0.898374
0.909553
0.987805
0.98628
0.990346
0.989837
0.995935
0.987297
0.993902
0.993902
0.996443
0.985772
0.989329
0.987805
0.897866
0.909553
0.988313
0.987297
0.994919
0.98374
0.981199
0.981707
0.993394
0.982724
0.982215
0.981707
0.988313
0.98628
0.897866
0.910061
0.985772
0.987805
0.993902
0.980691
0.98374
0.980691
0.990346
0.993394
0.987297
0.994919
0.986789
0.989837
0.897358
0.910061
0.988313
0.988821
0.993902
0.994411
0.985264
0.992886
0.98374
0.98628
0.985264
0.993902
0.988313
0.990346
0.896341
0.910061
0.988313
0.98374
0.995427
0.984756
0.987805
0.997967
0.99187
0.992378
0.982724
0.998984
0.988313
0.989837
0.896341
0.910061
0.985772
0.990854
0.982724
0.985772
0.987297
0.98628
0.994919
0.980691
0.988821
0.996951
0.989329
0.990346
0.896341
0.910569
0.990854
0.989837
0.981199
0.981707
0.987805
0.982215
0.989329
0.982724
0.999492
0.997967
0.985264
0.985264
0.895833
0.910569
0.762195
0.989837
0.994919
0.979675
0.991362
0.998476
0.987297
0.993902
0.985264
0.995427
0.990854
0.746951
0.895833
0.80437
0.762195
0.987805
0.98628
0.997459
0.982724
0.977642
0.98628
0.989329
0.987297
0.996951
0.984248
0.746951
0.702744
0.911077
0.762195
0.98628
0.985264
0.983232
0.997459
0.985772
0.985264
0.984756
0.982215
0.997459
0.989329
0.746951
0.895325
0.622967
0.762195
0.98628
0.983232
0.994411
0.990854
0.989837
0.994411
0.987805
0.985264
0.997459
0.98628
0.746951
0.612297
0.732724
0.762195
0.985264
0.987297
0.987805
0.993902
0.985264
0.993902
0.986789
0.985772
0.983232
0.988821
0.745935
0.557419
0.64126
0.762195
0.989329
0.998984
0.984248
0.99187
0.994919
0.997967
0.98374
0.985264
0.980183
0.987805
0.745427
0.502541
0.688008
0.760671
0.985264
0.995427
0.985772
0.979675
0.991362
0.990346
0.998984
0.993394
0.999492
0.988313
0.699695
0.464939
0.510671
0.713923
0.984756
0.980183
0.990854
0.982215
0.982724
0.990854
0.982215
0.984248
0.98628
0.988313
0.66311
0.897866
0.41565
0.760163
0.987297
0.990854
0.99187
0.985264
0.989837
0.982724
0.987297
0.982215
0.983232
0.988313
0.698679
0.897358
0.398374
0.676321
0.987805
0.985772
0.991362
0.981707
0.98374
0.985772
0.98374
0.985264
1
0.988313
0.516768
0.377541
0.396341
0.541159
0.988313
0.985264
0.992378
0.990346
0.999492
0.997967
0.981199
0.981707
0.985772
0.987805
0.612297
0.520325
0.360264
0.481707
0.984248
0.981707
0.993902
0.99187
0.993902
0.993902
0.990854
0.988821
0.989329
0.985772
0.442581
0.886179
0.339431
0.45122
0.99187
0.98374
0.988313
0.987805
0.994919
0.982724
0.986789
0.989837
0.981707
0.989837
0.395833
0.319614
0.323171
0.419207
0.575711
0.993902
0.980183
0.990346
0.982724
0.997967
0.993394
0.992886
0.988821
0.559959
0.380081
0.904472
0.299797
0.369919
0.574695
0.986789
0.993394
0.984248
0.986789
0.988313
0.996443
0.993902
0.985264
0.559959
0.363821
0.275407
0.90498
0.35315
0.573679
0.984756
0.998984
0.980183
0.987805
0.978659
0.979675
0.98374
0.990854
0.559451
0.330793
0.652947
0.604167
0.790142
0.572154
0.988313
1
0.990346
0.980691
0.990854
0.983232
0.98374
0.982724
0.558943
0.314024
0.236789
0.260671
0.319106
0.57063
0.992378
0.987297
0.983232
0.983232
0.995427
0.981707
0.98374
0.980183
0.533028
0.27998
0.236789
0.243394
0.284553
0.54878
0.982724
0.995935
0.983232
0.993394
0.997967
0.980183
0.997967
0.982215
0.557419
0.503557
0.237297
0.936992
0.267276
0.495935
0.996951
0.996443
0.985772
0.985264
0.987805
0.980691
0.993394
0.983232
0.556402
0.286585
0.21748
0.26372
0.248984
0.45122
0.989837
0.98374
0.982724
0.979167
0.994411
0.98628
0.993394
0.402947
0.244919
0.235772
0.434959
0.629573
0.420224
0.995427
0.996951
0.98628
0.984248
0.980691
0.981199
0.978659
0.368902
0.227134
0.198171
0.20376
0.230691
0.50813
0.987297
0.98374
0.981707
0.993902
0.998984
0.978659
0.98628
0.585366
0.753049
0.180386
0.316565
0.212398
0.373984
0.98628
0.979675
0.988821
0.987297
0.983232
0.982724
0.608232
0.193598
0.178862
0.260163
0.194106
0.322663
0.989329
0.989329
0.988313
0.98374
0.982724
1
0.29065
0.204268
0.178862
0.377541
0.212398
0.335366
0.993902
0.984756
0.994411
0.99187
0.991362
0.98374
0.541159
0.191057
0.181911
0.684959
0.194106
0.265244
0.995427
0.989329
0.992886
0.989329
0.996951
0.992378
0.341463
0.481199
0.507114
0.800813
0.175813
0.249492
0.989329
0.988313
0.998476
0.985772
0.983232
0.344004
0.222053
0.354675
0.565041
0.395833
0.175813
0.234248
0.343496
0.992886
0.981199
0.988821
0.999492
0.344004
0.22561
0.849593
0.39126
0.260163
0.244919
0.314024
0.341972
0.992886
0.981707
0.988313
0.994919
0.342988
0.199695
0.162093
0.158537
0.14126
0.157012
0.356199
0.339939
0.984756
0.994919
0.987297
0.980691
0.342988
0.372459
0.728659
0.662093
0.145325
0.157012
0.36128
0.338415
0.996951
0.985772
0.988821
0.989329
0.342988
0.361789
0.582825
0.662093
0.319614
0.870427
0.352642
0.337398
0.982724
0.986789
0.981199
0.984756
0.300305
0.347053
0.376016
0.604167
0.854675
0.354675
0.49187
0.33435
0.986789
0.986789
0.982215
0.984756
0.272358
0.1875
0.306911
0.119411
0.180894
0.138211
0.28811
0.297764
0.981707
0.981707
0.997967
0.999492
0.245935
0.245427
0.601118
0.758638
0.167175
0.354675
0.17378
0.273882
0.984756
1
0.985264
0.999492
0.235264
0.658028
0.117378
0.35315
0.775407
0.39685
0.301321
0.245935
0.996443
0.98628
0.996951
0.981199
0.397358
0.764736
0.253049
0.535569
0.185976
0.278455
0.403963
0.260671
0.998984
0.988821
0.979167
0.98628
0.209858
0.278455
0.447663
0.931911
0.933943
0.125508
0.133638
0.34502
0.991362
0.994411
0.994919
0.987297
0.255589
0.247967
0.183435
0.337398
0.102642
0.394817
0.159553
0.202236
0.980183
0.989329
0.982215
0.982724
0.301829
0.116362
0.518801
0.39685
0.101626
0.724085
0.752541
0.185467
0.996951
0.995935
0.98374
0.990346
0.26626
0.324187
0.250508
0.381098
0.323679
0.099593
0.485264
0.171748
0.979675
0.996443
0.994919
0.194614
0.290142
0.114329
0.758638
0.753557
0.874492
0.340955
0.115346
0.157012
0.997967
0.985264
0.982215
0.194106
0.184959
0.314533
0.208841
0.099593
0.101626
0.465447
0.509654
0.391768
0.984248
0.981707
0.987297
0.194106
0.129065
0.099085
0.15498
0.598069
0.874492
0.099593
0.35061
0.589431
0.995935
0.98374
0.987805
0.194106
0.369919
0.096545
0.099085
0.753557
0.220528
0.438516
0.653455
0.25813
0.17378
0.997967
0.981199
0.193598
0.330285
0.397866
0.230691
0.674289
0.497459
0.776931
0.351626
0.138211
0.171748
0.988313
0.992886
0.178862
0.181402
0.408537
0.399898
0.377033
0.082825
0.363313
0.26626
0.501016
0.170224
0.995935
0.982724
0.16565
0.284553
0.096037
0.192581
0.495935
0.261179
0.080285
0.348577
0.110772
0.168191
0.983232
0.988821
0.233232
0.266768
0.127033
0.361789
0.377033
0.794715
0.137703
0.491362
0.235772
0.166667
0.990854
0.987805
0.153455
0.287093
0.443089
0.474593
0.159553
0.675813
0.102642
0.284553
0.265752
0.158537
0.998476
0.999492
0.143801
0.342988
0.132114
0.229167
0.079776
0.913618
0.814533
0.391768
0.269309
0.162602
0.987297
0.979675
0.181911
0.367886
0.544715
0.382622
0.079776
0.438008
0.311992
0.199187
0.096545
0.139736
0.986789
0.985264
0.101118
0.46189
0.256606
0.869411
0.25813
0.081301
0.137703
0.650915
0.417683
0.121443
0.98374
0.982215
0.275915
0.075711
0.080793
0.418191
0.25813
0.438008
0.588923
0.754573
0.214431
0.167683
0.998984
1
0.126524
0.335366
0.559959
0.700203
0.079776
0.53811
0.233232
0.159045
0.098069
0.270325
0.993902
0.995427
0.38313
0.598577
0.238821
0.07876
0.654472
0.122459
0.346037
0.772866
0.44563
0.098577
0.997967
0.07876
0.338923
0.151423
0.66565
0.681402
0.119411
0.65752
0.58689
0.664126
0.35315
0.256606
0.992378
0.077744
0.071646
0.46748
0.574695
0.381606
0.416667
0.161585
0.344004
0.078252
0.739329
0.144817
0.994411
0.077236
0.589939
0.167683
0.45122
0.117378
0.654472
0.060976
0.417175
0.185467
0.125
0.118394
0.980183
0.076728
0.072663
0.45122
0.224085
0.8125
0.456301
0.35874
0.287602
0.597561
0.453252
0.339939
0.99187
0.076728
0.207317
0.160061
0.370935
0.060976
0.238313
0.240346
0.755081
0.330793
0.525915
0.139736
0.986789
0.067073
0.101118
0.612805
0.608232
0.527439
0.59502
0.556402
0.465955
0.059451
0.119411
0.308435
0.035569
0.075203
0.109248
0.078252
0.425813
0.15752
0.277947
0.774898
0.639228
0.594512
0.254573
0.29065
0.033537
0.107724
0.510671
0.169207
0.827744
0.8125
0.178862
0.199695
0.176829
0.828252
0.303354
0.535061
0.03252
0.176829
0.293191
0.160061
0.443598
0.561484
0.39685
0.83435
0.870935
0.663618
0.13313
0.370427
0.030996
0.223069
0.101626
0.679878
0.058943
0.349085
0.277947
0.477642
0.813008
0.1875
0.285569
0.087907
0.029472
0.073171
0.455285
0.057927
0.058943
0.272866
0.25813
0.457825
0.061484
0.480183
0.460874
0.450711
0.027439
0.294207
0.650915
0.204776
0.406504
0.233232
0.397358
0.833841
0.870935
0.64939
0.061992
0.135163
0.024898
0.053354
0.055386
0.680386
0.589431
0.754573
0.278455
0.29878
0.52439
0.553862
0.762703
0.093496
0.023882
0.229167
0.133638
0.213923
0.224085
0.523374
0.337907
0.714939
0.813008
0.650407
0.460874
0.440549
0.015752
0.317581
0.14685
0.352134
0.039634
0.407012
0.892785
0.338415
0.755081
0.828252
0.242886
0.59502
0.065549
0.163618
0.323679
0.643801
0.67937
0.099593
0.060467
0.298272
0.581301
0.206301
0.436992
0.317073
0.090955
0.258638
0.038618
0.200203
0.605691
0.29065
0.714431
0.596037
0.620935
0.278455
0.350102
0.153963
0.045224
0.217988
0.161585
0.097561
0.547764
0.213923
0.337907
0.160061
0.098577
0.53811
0.419207
0.424289
0.099593
0.41565
0.059451
0.680386
0.268293
0.098577
0.04065
0.57622
0.793699
0.207317
0.47561
0.175305
0.148882
0.209858
0.356707
0.466972
0.716972
0.329776
0.397358
0.10061
0.465447
0.040142
0.372967
0.576728
0.189024
0.338415
0.206809
0.039126
0.454268
0.174797
0.377541
0.318089
0.331809
0.773882
0.11128
0.274898
0.332317
0.155996
0.352642
0.14685
0.322154
0.619411
0.337907
0.298272
0.042175
0.379065
0.425305
0.227642
0
0.267785
0.239329
0.466972
0.491362
0.039634
0.357724
0.159553
0.098577
0.098577
0.626524
0.604167
0.192581
0.379065
0.431402
0.306911
0.398882
0.735772
0.575711
0.595528
0.504065
0.399898
0.039126
0.16311
0.033537
0.129573
0.591463
0.520325
0.716972
0.329776
0.17937
0.476626
0.465955
0.514228
0.466463
0.39939
0.245935
0.432419
0.251016
0.446646
0.077236
0.851118
0.773882
0.516768
0.677846
0.061484
0.085366
0.315041
0.39685
0.196138
0.641768
0.697663
0.567073
0.755081
0.357724
0.04065
0.640752
0.120935
0.449695
0.361789
0.256098
0.255589
0.275407
0.258638
0.34248
0.367886
0.555894
0.17937
0.735772
0.71748
0.34502
0.171748
0.169715
0.20122
0.247459
0.351118
0.228659
0.367886
0.51626
0.873476
0.658028
0.47561
0.412093
0.361789
0.377541
0.429878
0.64126
0.47815
0.398882
0.098069
0.536077
0.357724
0.561992
0.362805
0.465955
0.182927
0.658537
0.642276
0.046748
0.30437
0.349085
0.159553
0.536077
0.677846
0.360772
0.519309
0.200203
0.072663
0.175813
0.642785
0.152947
0.291159
0.51626
0.159553
0.543191
0.209858
0.73374
0.559451
0.635671
0.127033
0.441565
0.040142
0.11687
0.635163
0.160061
0.098577
0.36128
0.180386
0.287602
0.175813
0.227642
0.697663
0.698679
0.851118
0.773882
0.080285
0.503557
0.491362
0.184959
0.239837
0.666667
0.434959
0.207825
0.773374
0.252033
0.456809
0.754573
0.659045
0.49187
0.243394
0.321646
0.593496
0.590447
0.313516
0.265752
0.8125
0.516768
0.139736
0.196138
0.322663
0.426829
0.505589
0.33689
0.286585
0.315041
0.303354
0.202744
0.873476
0.57622
0.426321
0.436484
0.027439
0.153455
0.110772
0.204268
0.294207
0.157012
0.634146
0.695122
0.397866
0.793699
0.491362
0.239837
0.229675
0.05437
0.204268
0.039634
0.10061
0.515244
0.080285
0.219512
0.272358
0.436484
0.294715
0.155996
0.589939
0.112297
0.295224
0.050813
0.635671
0.754573
0.397866
0.484248
0.246951
0.106199
0.382114
0.723069
0.179878
0.569614
0.660569
0.166159
0.160061
0.278963
0.735772
0.152947
0.186484
0.034553
0.265752
0.107215
0.185976
0.503049
0.515244
0.873476
0.635671
0.253049
0.773374
0.1875
0.730691
0.33435
0.198679
0.528455
0.047256
0.455793
0.695122
0.219512
0.517785
0.35874
0.027439
0.127541
0.474593
0.359756
0.382622
0.427846
0.378049
0.326728
0.278963
0.518293
0.416667
0.25813
0.270833
0.369919
0.132622
0.643293
0.162093
0.8125
0.814533
0.793699
0.284045
0.773882
0.294715
0.382114
0.301321
0.307927
0.194106
0.677846
0.397866
0.229675
0.04065
0.099593
0.831809
0.209858
0.286585
0.335874
0.250508
0.548272
0.220528
0.278963
0.265752
0.873476
0.517276
0.428862
0.239837
0.081809
0.449187
0.170224
0.474085
0.541159
0.515244
0.833333
0.754573
0.105691
0.507622
0.294715
0.161585
0.300813
0.537093
0.107215
0.542683
0.515244
0.589431
0.377541
0.577744
0.316057
0.587398
0.499492
0.231199
0.477642
0.697663
0.426321
0.159553
0.044715
0.873476
0.087907
0.145325
0.314024
0.277439
0.215955
0.423272
0.136179
0.774898
0.871951
0.285569
0.456809
0.199695
0.65752
0.73628
0.285569
0.306911
0.53252
0.059959
0.541159
0.871951
0.224593
0.873984
0.614837
0.428354
0.416667
0.246951
0.566565
0.587907
0.809959
0.714939
0.455793
0.711382
0.293699
0.25813
0.38872
0.326728
0.214431
0.300813
0.313516
0.772358
0.483232
0.554878
0.04624
0.814533
0.814024
0.504573
0.322154
0.19563
0.285061
0.313516
0.809959
0.427337
0.144817
0.589431
0.569106
0.614837
0.831301
0.416667
0.150915
0.347561
0.458841
0.194106
0.601118
0.198171
0.873984
0.265752
0.555386
0.16311
0.160061
0.249492
0.416159
0.205285
0.60315
0.425305
0.614837
0.509146
0.50813
0.148374
0.140752
0.256606
0.223577
0.345528
0.154472
0.247459
0.483232
0.852134
0.386179
0.50813
0.027947
0.65752
0.043191
0.216463
0.67378
0.622967
0.247459
0.426321
0.67378
0.387195
0.325203
0.794207
0.65752
0.050813
0.367378
0.712398
0.193598
0.13313
0.560467
0.079268
0.650407
0.570122
0.496951
0.831809
0.292175
0.165142
0.534045
0.770833
0.716972
0.503557
0.278455
0.50813
0.326728
0.378049
0.504573
0.239329
0.388211
0.502033
0.517276
0.127541
0.600102
0.793699
0.265244
0.873984
0.25813
0.48374
0.716972
0.275407
0.416159
0.173272
0.019817
0.676321
0.495427
0.020325
0.692581
0.793191
0.217988
0.510163
0.439533
0.378557
0.256606
0.716972
0.714939
0.143293
0.692581
0.285569
0.436484
0.332317
0.510163
0.146341
0.500508
0.515752
0.547256
0.793191
0.813516
0.27185
0.814533
0.25813
0.027947
0.361789
0.713923
0.608232
0.659553
0.102642
0.425305
0.67378
0.268801
0.752033
0.085874
0.5625
0.584858
0.384146
0.640244
0.316565
0.361789
0.714939
0.495427
0.873984
0.389228
0.360772
0.542175
0.140752
0.246951
0.659045
0.789126
0.044715
0.195122
0.614329
0.270325
0.172764
0.221037
0.425813
0.471037
0.331301
0.76626
0.203252
0.130589
0.027439
0.67378
0.27185
0.873984
0.224085
0.48374
0.452236
0.230183
0.180386
0.252033
0.088415
0.027439
0.435976
0.614837
0.772358
0.495935
0.504573
0.248476
0.444614
0.25
0.51372
0.547764
0.135671
0.456809
0.734248
0.651423
0.081301
0.813516
0.623476
0.549289
0.411077
0.51626
0.715955
0.560467
0.397358
0.277947
0.468496
0.278455
0.027947
0.309959
0.219512
0.677337
0.14685
0.414634
0.830793
0.337907
0.85315
0.529472
0.145325
0.252033
0.473069
0.596037
0.552337
0.442073
0.77185
0.772866
0.496443
0.040142
0.833333
0.221037
0.600102
0.423272
0.219512
0.354167
0.403963
0.527439
0.772866
0.733232
0.040142
0.203252
0.159045
0.198679
0.369919
0.184451
0.631606
0.594512
0.58435
0.541159
0.027439
0.813008
0.814024
0.674289
0.291159
0.318089
0.659553
0.266768
0.301829
0.132622
0.32876
0.144817
0.139736
0.267276
0.027947
0.35315
0.065549
0.165142
0
0.568089
0.309959
0.143293
0.792683
0.020325
0.46748
0.614837
0.075711
0.143801
0.182927
0.585366
0.243902
0.527439
0.04624
0.198171
0.555894
0.265752
0.614837
0.831301
0.753049
0.22002
0.530996
0.381098
0.309959
0.17937
0.158537
0.377541
0.367886
0.277947
0.078252
0.809451
0.514228
0.569106
0.568598
0.583841
0.122967
0.495427
0.139736
0.528455
0.833333
0.715955
0.203252
0.329776
0.524898
0.787602
0.203252
0.213923
0.495427
0.793191
0.386179
0.813008
0.427846
0.203252
0.27439
0.480183
0.569106
0.340447
0.08689
0.435976
0.674289
0.325203
0.713923
0.369411
0.318089
0.398882
0.477642
0.460874
0.363313
0.039126
0.297764
0.555386
0.325203
0.694106
0.831301
0.363313
0.114329
0.683943
0.460874
0.396341
0.619411
0.083841
0.456301
0.386179
0.436484
0.793191
0.368394
0.376524
0.320122
0.733232
0.45376
0.772866
0.614329
0.456301
0.691057
0.14685
0.522866
0.341972
0.677337
0.746951
0.309959
0.418191
0.270833
0.59502
0.852642
0.569106
0.377033
0.618902
0.772866
0.114329
0.731199
0.255081
0.696646
0.027439
0.08689
0.277947
0.711382
0.436484
0.020325
0.389228
0.02439
0.213415
0.641768
0.253557
0.213923
0.396341
0.099593
0.16311
0.259654
0.427846
0.309451
0.189024
0.627541
0.487805
0.809451
0.124492
0.257622
0.317581
0.630081
0.25813
0.232724
0.832825
0.22561
0.784045
0.569106
0.397358
0.792683
0.259146
0.555386
0.165142
0.25813
0.734756
0.638211
0.319614
0.853659
0.330285
0.339431
0.121443
0.792683
0.337398
0.366362
0.852642
0.831809
0.019817
0.175813
0.78252
0.409045
0.58435
0.541159
0.852134
0.773374
0.549289
0.614837
0.179878
0.77439
0.325203
0.784045
0.677337
0.292175
0.830793
0.376524
0.079776
0.589431
0.317581
0.773374
0.214431
0.45122
0.800305
0.146341
0.640752
0.182927
0.497459
0.159045
0.264228
0.357724
0.599593
0.8125
0.170732
0.640244
0.549797
0.640752
0.14685
0.693598
0.040142
0.08435
0.852642
0.65752
0.082317
0.583841
0.294207
0.181911
0.14685
0.254573
0.204268
0.753557
0.027947
0.099593
0.48374
0.714939
0.400915
0.76626
0.604675
0.189024
0.830793
0.714431
0.099593
0.162602
0.674289
0.560976
0.580285
0.378049
0.640244
0.604675
0.753049
0.599085
0.027439
0.813008
0.50813
0.079776
0.310467
0.60874
0.192581
0.640244
0.256606
0.734248
0.574695
0.337398
0.142276
0.73374
0.793191
0.814024
0.455793
0.114837
0.753557
0.130081
0.246443
0.753557
0.691057
0.140752
0.368394
0.579776
0.394817
0.300813
0.07622
0.522866
0.106199
0.753557
0.447154
0.317581
0.792683
0.432419
0.394817
0.769817
0.734248
0.754065
0.207825
0.25813
0.243902
0.317581
0.174797
0.545224
0.03252
0.23374
0.395833
0.143293
0.67378
0.813008
0.020325
0.674289
0.792683
0.52185
0.072154
0.091463
0.753049
0.387195
0.554878
0.634654
0.528455
0.793191
0.426321
0.831301
0.451728
0.335366
0.077744
0.483232
0.67378
0.178862
0.71189
0.555386
0.735264
0.201728
0.405996
0.677846
0.696646
0.831301
0.852134
0.317581
0.304878
0.852642
0.125
0.813008
0.191565
0.274898
0.696646
0.183435
0.147866
0.813008
0.04065
0.298272
0.020325
0.639228
0.169715
0.309451
0.309959
0.52185
0.555386
0.25813
0.46748
0.73374
0.48374
0.543191
0.237297
0.308943
0.132622
0.714939
0.151423
0.377033
0.873984
0.317581
0.27185
0.325711
0.28252