39.130435
13.043478
8.695652
26.086957
56.521739
91.304348
65.217391
60.869565
91.304348
60.869565
86.956522
47.826087
13.043478
8.695652
52.173913
65.217391
34.782609
78.26087
56.521739
82.608696
69.565217
13.043478
47.826087
82.608696
69.565217
13.043478
34.782609
52.173913
73.913043
86.956522
0
69.565217
91.304348
0
52.173913
52.173913
47.826087
21.73913
13.043478
30.434783
13.043478
26.086957
34.782609
8.695652
47.826087
39.130435
26.086957
69.565217
56.521739
8.695652
65.217391
82.608696
52.173913
0
91.304348
39.130435
26.086957
8.695652
30.434783
8.695652
39.130435
60.869565
26.086957
26.086957
17.391304
4.347826
26.086957
52.173913
8.695652
65.217391
30.434783
34.782609
30.434783
52.173913
69.565217
78.26087
86.956522
65.217391
30.434783
91.304348
13.043478
30.434783
17.391304
30.434783
43.478261
47.826087
21.73913
13.043478
69.565217
47.826087
65.217391
86.956522
26.086957
21.73913
4.347826
52.173913
21.73913
52.173913
78.26087
47.826087
21.73913
4.347826
30.434783
21.73913
60.869565
69.565217
30.434783
47.826087
65.217391
34.782609
65.217391
86.956522
56.521739
0
21.73913
56.521739
34.782609
21.73913
86.956522
34.782609
8.695652
43.478261
60.869565
56.521739
17.391304
34.782609
73.913043
91.304348
69.565217
13.043478
13.043478
91.304348
17.391304
56.521739
34.782609
8.695652
34.782609
78.26087
91.304348
69.565217
78.26087
21.73913
65.217391
0
30.434783
52.173913
65.217391
13.043478
13.043478
39.130435
8.695652
52.173913
69.565217
60.869565
100
56.521739
86.956522
52.173913
13.043478
91.304348
56.521739
60.869565
21.73913
78.26087
34.782609
13.043478
65.217391
73.913043
91.304348
13.043478
17.391304
34.782609
78.26087
43.478261
43.478261
82.608696
69.565217
4.347826
21.73913
65.217391
39.130435
13.043478
34.782609
52.173913
52.173913
17.391304
47.826087
21.73913
73.913043
91.304348
26.086957
60.869565
13.043478
52.173913
8.695652
86.956522
60.869565
13.043478
21.73913
26.086957
52.173913
69.565217
69.565217
60.869565
73.913043
78.26087
91.304348
82.608696
69.565217
78.26087
34.782609
56.521739
82.608696
56.521739
26.086957
8.695652
52.173913
43.478261
78.26087
86.956522
34.782609
47.826087
13.043478
82.608696
73.913043
43.478261
8.695652
82.608696
91.304348
52.173913
86.956522
17.391304
43.478261
86.956522
52.173913
26.086957
91.304348
13.043478
34.782609
65.217391
21.73913
65.217391
43.478261
52.173913
26.086957
43.478261
78.26087
8.695652
86.956522
17.391304
21.73913
26.086957
73.913043
47.826087
34.782609
26.086957
21.73913
13.043478
82.608696
78.26087
86.956522
47.826087
34.782609
82.608696
91.304348
30.434783
13.043478
39.130435
78.26087
78.26087
34.782609
56.521739
60.869565
91.304348
65.217391
65.217391
34.782609
34.782609
78.26087
47.826087
69.565217
39.130435
34.782609
73.913043
0
30.434783
13.043478
73.913043
8.695652
86.956522
56.521739
34.782609
47.826087
47.826087
78.26087
95.652174
30.434783
56.521739
60.869565
78.26087
91.304348
82.608696
8.695652
4.347826
39.130435
60.869565
30.434783
91.304348
26.086957
13.043478
39.130435
69.565217
8.695652
47.826087
26.086957
4.347826
39.130435
69.565217
91.304348
86.956522
8.695652
39.130435
34.782609
39.130435
60.869565
47.826087
8.695652
78.26087
8.695652
39.130435
91.304348
34.782609
91.304348
82.608696
39.130435
43.478261
60.869565
60.869565
34.782609
30.434783
82.608696
26.086957
91.304348
26.086957
0
73.913043
39.130435
26.086957
21.73913
56.521739
30.434783
47.826087
13.043478
73.913043
26.086957
17.391304
26.086957
34.782609
47.826087
47.826087
30.434783
52.173913
13.043478
26.086957
60.869565
34.782609
91.304348
21.73913
21.73913
30.434783
60.869565
52.173913
26.086957
47.826087
13.043478
13.043478
60.869565
69.565217
69.565217
60.869565
39.130435
73.913043
8.695652
13.043478
47.826087
26.086957
73.913043
26.086957