0.414634
0.920732
0.169207
0.5625
0.920224
0.166667
0.147358
0.1875
0.668699
0.880081
0.660569
0.798272
0.400915
0.186992
0.860772
0.674797
0.325711
0.745935
0.511179
0.867378
0.560467
0.547256
0.400407
0.285569
0.74187
0.695122
0.979675
0.457825
0.903455
0.873984
0.636687
0.739837
0.74187
0.502541
0.385163
0.349593
0.206809
0.92124
0.511179
0.488821
0.682927
0.935976
0.360772
0.662093
0.801321
0.857724
0.206809
0.972053
0.399898
0.98374
0.505589
0.434959
0.169207
0.5625
0.563516
0.53252
0.325711
0.612805
0.748476
0.71748
0.817581
0.850102
0.875508
0.385671
0.959858
0.126016
0.166667
0.245427
0.285061
0.806911
0.231199
0.942581
0.627541
0.722561
0.305894
0.837398
0.761179
0.959858
0.735772
0.716972
0.558435
0.690041
0.972561
0.73628
0.186992
0.674797
0.186992
0.92124
0.477642
0.676829
0.284553
0.472053
0.226626
0.809959
0.305894
0.49187
0.186484
0.935976
0.735772
0.322663
0.633638
0.41565
0.956809
0.502541
0.979675
0.95935
0.801321
0.805386
0.168191
0.548272
0.686992
0.433435
0.629065
0.830793
0.26626
0.776423
0.622967
0.612805
0.514736
0.623476
0.340447
0.641768
0.922256
0.26626
0.444614
0.654472
0.801321
0.747459
0.700711
0.765752
0.321646
0.790142
0.516768
0.972561
0.583333
0.126016
0.345528
0.264736
0.227134
0.381606
0.555386
0.583333
0.964431
0.266768
0.979675
0.674797
0.34502
0.958333
0.587398
0.621443
0.579268
0.303354
0.244919
0.147866
0.979675
0.471545
0.147358
0.631606
0.458333
0.303354
0.743902
0.35874
0.923272
0.266768
0.504065
0.979675
0.860772
0.959858
0.418699
0.671748
0.253049
1
0.509146
0.186992
0.381606
0.920224
0.613821
0.622967
0.76372
0.682419
0.671748
0.475102
0.340955
0.769817
0.909553
0.381606
0.563516
0.552846
0.424797
0.803862
0.168191
0.543191
0.522358
0.685467
0.980183
0.837398
0.805894
0.504065
0.613821
0.860772
0.916667
0.682419
0.54624
0.499492
0.450711
0.922764
0.381098
0.34248
0.801321
0.918699
0.444614
0.900407
0.949187
0.190549
0.786585
0.842988
0.339939
0.850102
0.34248
0.325711
0.735772
0.622967
0.744411
0.550813
0.793699
0.810976
0.397866
0.246443
0.514736
0.747967
0.325711
0.308943
0.563516
0.168191
0.32063
0.644309
0.626524
0.486789
0.856199
0.980183
0.51626
0.206809
0.613821
0.504065
0.727642
0.511687
0.375508
0.699187
0.553354
0.949187
0.956809
0.265752
0.622967
0.369919
0.563516
0.670224
0.881098
0.796748
0.591463
0.397866
0.954268
0.475102
0.863821
0.206809
0.369919
0.186992
0.844004
0.41565
0.918191
0.601626
0.397866
0.848069
0.79065
0.168699
0.622967
0.349593
0.186484
0.245427
0.863821
0.651423
0.470528
0.525407
0.735264
0.865346
0.168699
0.26626
0.918699
0.681911
0.954776
0.754065
0.615854
0.519817
0.661077
0.246951
0.728659
0.574187
0.325711
0.552846
0.206301
0.803862
0.528455
0.212398
0.430894
0.446646
0.227642
0.227134
0.690041
0.484248
0.776423
0.622459
0.226118
0.886179
0.212398
0.786077
0.286077
0.491362
0.458333
0.458333
0.74187
0.735772
0.860264
0.341972
0.754065
0.757622
0.636179
0.233232
0.211382
0.566565
0.400915
0.543699
0.308943
0.503557
0.341972
0.960874
0.648882
0.466463
0.44563
0.485772
0.920224
0.805894
0.840955
0.918699
0.325203
0.631606
0.452236
0.856199
0.691057
0.549797
0.924797
0.190041
0.51626
0.563516
0.369919
0.384654
0.495935
0.799797
0.850102
0.637195
0.463415
0.211382
0.509146
0.805894
0.186992
0.247967
0.740854
0.226118
0.453252
0.22815
0.792683
0.713415
0.339939
0.848069
0.574695
0.186992
0.796748
0.860264
0.168191
0.848069
0.448171
0.689024
0.705793
0.650407
0.246443
0.805894
0.959858
0.166667
0.206301
0.226118
0.528455
0.892276
0.581301
0.551321
0.705285
0.528963
0.400915
0.959858
0.776423
0.325711
0.747459
0.86687
0.430894
0.792683
0.232215
0.52185
0.754065
0.979675
0.722053
0.410569
0.186484
0.168191
0.566057
0.859248
0.792683
0.611789
0.74187
0.697154
0.728659
0.246443
0.715447
0.839939
0.457317
0.972561
0.375
0.637195
0.656504
0.931402
0.466463
0.753049
0.303354
0.305894
0.349593
0.186484
0.398374
0.394817
0.697663
0.782012
0.684451
0.722561
0.577236
0.754065
0.574695
0.900407
0.430894
0.186484
0.39939
0.810467
0.411585
0.863313
0.55437
0.660569
0.411585
0.980183
0.553862
0.840955
0.430894
0.364837
0.978659
0.469512
0.647358
0.566565
0.412093
0.838415
0.686992
0.792175
0.786585
0.959858
0.430894
0.740854
0.457825
0.359248
0.26626
0.449695
0.492378
0.631606
0.740854
0.583841
0.670732
0.60315
0.674797
0.799797
0.399898
0.972561
0.462398
0.295732
0.364837
0.867886
0.356707
0.809959
0.72815
0.840955
0.613821
0.542175
0.955793
0.472053
0.498984
0.54624
0.762703
0.819106
0.705285
0.584858
0.631606
0.365346
0.166667
0.245935
0.379573
0.243902
0.232724
0.595528
0.435467
0.805894
0.755589
0.90498
0.631098
0.959858
0.105691
0.662093
0.148882
0.472053
0.972561
0.496951
0.714939
0.669715
0.484756
0.620427
0.728659
0.60315
0.349593
0.621951
0.844004
0.960874
0.816565
0.848577
0.344004
0.547256
0.26626
0.846545
0.863313
0.682419
0.898374
0.127033
0.496443
0.693598
0.44563
0.852642
0.50813
0.646341
0.355183
0.41311
0.689533
0.959858
0.735772
0.245935
0.264736
0.41565
0.868394
0.413618
0.776931
0.973069
0.485264
0.808943
0.399898
0.504065
0.430894
0.859248
0.786077
0.359248
0.285569
0.707317
0.757622
0.769309
0.592988
0.752033
0.863313
0.702236
0.674797
0.205285
0.72815
0.697663
0.933435
0.803862
0.67124
0.577744
0.232215
0.791667
0.844512
0.622967
0.918699
0.95935
0.745427
0.246951
0.972561
1
0.753049
0.611789
0.712907
0.507622
0.786585
0.761687
0.105691
0.800305
0.380589
0.900915
0.493394
0.760671
0.55437
0.627541
0.938516
0.694614
0.14939
0.127541
0.776423
0.186484
0.496443
0.905488
0.305386
0.698679
0.716463
0.360264
0.602134
0.490854
0.728659
0.900407
0.227642
0.364837
0.264736
0.57622
0.564024
0.701728
0.602134
0.293191
0.482215
0.904472
0.323171
0.186992
0.735772
0.957317
0.895833
0.301321
0.817581
0.720528
0.397866
0.72815
0.694106
0.17124
0.960366
0.463923
0.227642
0.543191
0.862297
0.59248
0.559451
0.901931
0.885671
0.676321
0.817581
0.17124
0.574187
0.34502
0.654472
0.442581
0.223069
0.520833
0.72002
0.723069
0.875
0.765752
0.534045
0.471545
0.534553
0.702236
0.776423
0.602642
0.472561
0.246443
0.668191
0.792175
0.488821
0.686484
0.95376
0.735264
0.226626
0.127541
0.471545
0.938008
0.169715
0.92124
0.626524
0.793699
0.734756
0.374492
0.213923
0.583841
0.534553
0.821138
0.349593
0.543191
0.564533
0.738821
0.403963
0.740346
0.821646
0.826728
0.534553
0.960874
0.690041
0.662602
0.95935
0.899898
0.395325
0.520833
0.655488
0.711382
0.6875
0.909553
0.879573
0.960874
0.708333
0.246443
0.227642
0.581301
0.865854
0.631098
0.508638
0.775915
0.702744
0.765244
0.387195
0.869411
0.381098
0.900407
0.450203
0.364837
0.226626
0.745935
0.508638
0.609248
0.701728
0.489837
0.493902
0.356199
0.323171
0.840955
0.774898
0.95935
0.620935
0.265752
0.277947
0.844512
0.854675
0.77185
0.70122
0.795224
0.439024
0.721545
0.207317
0.758638
0.471037
0.320122
0.424289
0.621951
0.580285
0.489837
0.785569
0.90498
0.610264
0.662093
0.715447
0.719512
0.899898
0.830793
0.82063
0.760671
0.835366
0.645325
0.286585
0.960874
0.458333
0.95935
0.958333
0.84248
0.790142
0.425813
0.585366
0.885671
0.813516
0.321138
0.804878
0.722053
0.650915
0.959858
0.674797
0.784045
0.619411
0.901931
0.961382
0.542683
0.60315
0.458333
0.57876
0.463415
0.650407
0.702236
0.573171
0.764736
0.73374
0.265752
0.368394
0.70376
0.668191
0.800305
0.597053
0.958841
0.727134
0.424797
0.714431
0.784045
0.336382
0.40752
0.914634
0.88872
0.775915
0.589939
0.545224
0.278963
0.245935
0.780488
0.695122
0.881098
0.389228
0.528963
0.822154
0.800305
0.898374
0.517785
0.216972
0.461382
0.825203
0.602134
0.63313
0.436992
0.414634
0.960366
0.639228
0.905996
0.840955
0.816057
0.685467
0.941565
0.477642
0.226626
0.530488
0.707317
0.846545
0.938516
0.623984
0.708333
0.772866
0.561484
0.449695
0.405996
0.936992
0.880589
0.817073
0.667175
0.714939
0.526423
0.51626
0.847561
0.859756
0.731199
0.89126
0.28252
0.60874
0.286077
0.207317
0.359756
0.72002
0.820122
0.808943
0.921748
0.942581
0.490346
0.689533
0.776423
0.714431
0.801321
0.878049
0.938516
0.555386
0.475102
0.822663
0.905996
0.957317
0.587398
0.865854
0.916159
0.751016
0.167175
0.896341
0.533537
0.939533
0.622967
0.77185
0.956301
0.95122
0.506098
0.603659
0.740346
0.677337
0.799797
0.855183
0.707825
0.884654
0.924797
0.859248
0.945122
0.947154
0.625
0.940041
0.354675
0.770325
0.880589
0.390244
0.456809
0.335874
0.941565
0.84502
0.944614
0.94563
0.831301
0.501016
0.882114
0.940041
0.40498
0.695122
0.646341
0.940549
0.768801
0.841463
0.944106
0.944106
0.872459
0.354675
0.708333
0.639736
0.464431
0.879573
0.514736
0.940549
0.833333
0.917683
0.943598
0.943089
0.855691
0.895833
0.65498
0.486789
0.761687
0.581301
0.513211
0.501524
0.92378
0.823171
0.943089
0.941057
0.643801
0.82622
0.77998
0.149898
0.760163
0.800305
0.456809
0.839431
0.692581
0.685976
0.942581
0.939533
0.48628
0.67124
0.657012
0.262703
0.583333
0.939024
0.939533
0.351118
0.914126
0.844004
0.00813
0.009146
0.877541
0.450203
0.335366
0.69563
0.642276
0.759654
0.823171
0.880081
0.636687
0.760163
0.017276
0.019309
0.792175
0.885671
0.42378
0.69563
0.642785
0.700203
0.185976
0.600102
0.765244
0.91311
0.017276
0.012195
0.914126
0.733232
0.583841
0.92124
0.760163
0.145325
0.876016
0.86687
0.778455
0.89939
0.021341
0.020325
0.721037
0.509146
0.28252
0.864329
0.464431
0.879065
0.919715
0.789126
0.671748
0.843496
0.008638
0.012195
0.664126
0.708333
0.922764
0.63872
0.362805
0.502541
0.185467
0.548272
0.901931
0.837398
0.015244
0.01372
0.855691
0.63872
0.35061
0.1875
0.444614
0.85874
0.919715
0.653455
0.59248
0.801321
0.019309
0.016768
0.736789
0.727134
0.863821
0.63872
0.801321
0.918699
0.411077
0.348577
0.894309
0.865346
0.014736
0.011179
0.861789
0.582825
0.864329
0.406504
0.72002
0.620935
0.841972
0.753557
0.558435
0.848069
0.000508
0.014736
0.770325
0.565549
0.903963
0.84248
0.087907
0.77998
0.487297
0.920732
0.389736
0.827236
0.012703
0.014736
0.84502
0.869919
0.435976
0.243902
0.087907
0.204776
0.24187
0.900407
0.88872
0.825711
0.018293
0.018293
0.813516
0.753049
0.280488
0.63872
0.504065
0.698679
0.46748
0.748984
0.889228
0.825203
0.014228
0.002033
0.819106
0.678354
0.678862
0.243902
0.442581
0.442581
0.279472
0.567073
0.802846
0.824187
0.009146
0.016768
0.810467
0.551321
0.792683
0.732724
0.682419
0.859248
0.760671
0.85315
0.692073
0.824187
0.005081
0.01372
0.808943
0.713415
0.901423
0.700711
0.920224
0.066057
0.89939
0.691057
0.766768
0.824187
0.018293
0.005589
0.806402
0.859756
0.903963
0.515752
0.401931
0.600102
0.897358
0.295224
0.857724
0.014736
0.004065
0.012703
0.805386
0.858232
0.732724
0.901931
0.60315
0.066057
0.184959
0.526931
0.432419
0.013211
0.003049
0.017276
0.804878
0.821646
0.540142
0.901931
0.837907
0.601118
0.221545
0.661077
0.814533
0.008638
0.011687
0.017785
0.010163
0.824695
0.247459
0.826728
0.659553
0.779472
0.898882
0.436992
0.664126
0.015752
0.005081
0.016768
0.003049
0.82622
0.885671
0.625508
0.619411
0.184959
0.672764
0.840955
0.802337
0.018801
0.018801
0.007114
0.015752
0.522358
0.626524
0.552337
0.819106
0.875
0.660569
0.863313
0.576728
0.014736
0.009146
0.016768
0.021341
0.688008
0.216972
0.223069
0.523882
0.184959
0.221545
0.387195
0.633638
0.014736
0.014228
0.019817
0.008638
0.683943
0.389736
0.615346
0.464431
0.740346
0.861789
0.266768
0.729675
0.019817
0.017785
0.004573
0.004573
0.774898
0.850102
0.771341
0.583333
0.481199
0.881098
0.57622
0.697663
0.011687
0.009146
0.014228
0.011179
0.01372
0.751524
0.848069
0.863821
0.876524
0.58689
0.755589
0.780996
0.685976
0.006606
0.002033
0.016768
0.004573
0.009654
0.740346
0.801829
0.863821
0.775915
0.702744
0.770325
0.689533
0.678862
0.005081
0.003557
0.017785
0.001524
0.006606
0.710874
0.640752
0.700711
0.286077
0.222561
0.59248
0.815041
0.678354
0.015244
0.007114
0.013211
0.019817
0.003557
0.642276
0.815549
0.84502
0.860772
0.857215
0.527947
0.455793
0.677846
0.020325
0.017785
0.019309
0.018293
0.001524
0.657012
0.464431
0.843496
0.626524
0.415142
0.67378
0.618394
0.676829
0.01626
0.014736
0.005589
0.018293
0.001016
0.638211
0.789126
0.255589
0.394817
0.839431
0.823679
0.744919
0.017276
0.015752
0.01372
0.019817
0.007114
0.017276
0.636179
0.759654
0.632114
0.840955
0.548272
0.617378
0.751524
0.018801
0.012195
0.018293
0.012195
0.015752
0.006098
0.635163
0.697154
0.82622
0.840955
0.839431
0.67124
0.723069
0.004573
0.018293
0.012703
0.017276
0.002541
0.017276
0.633638
0.766768
0.182419
0.722561
0.664634
0.712398
0.70935
0.009654
0.013211
0.016768
0.012703
0.015244
0.01372
0.632622
0.751016
0.82622
0.663618
0.54878
0.716972
0.53811
0.017276
0.011179
0.011179
0.004065
0.011179
0.016768
0.013211
0.343496
0.182419
0.801829
0.587398
0.635163
0.523882
0.018293
0.008638
0.004065
0.015244
0.018293
0.019309
0.001524
0.683435
0.785061
0.821138
0.526931
0.430386
0.61128
0.005589
0.020325
0.007622
0.01626
0
0.01372
0.020833
0.691565
0.16311
0.278455
0.457825
0.518293
0.589939
0.012703
0.003557
0.004573
0.003049
0.003557
0.018293
0.009146
0.649898
0.16311
0.801321
0.799797
0.731199
0.484756
0.010163
0.019309
0.015244
0.019309
0.006606
0.008638
0.009146
0.400915
0.771341
0.780488
0.780488
0.734756
0.492886
0.012195
0.003049
0.016768
0.005081
0.01626
0.005589
0.011179
0.409045
0.64939
0.066057
0.630081
0.618902
0.464431
0.017785
0.007622
0.016768
0.011179
0.019309
0.018293
0.016768
0.542683
0.189024
0.761687
0.420224
0.228659
0.463923
0.01372
0.015752
0.021341
0.009654
0.003557
0.019309
0.002033
0.494919
0.189024
0.259654
0.34502
0.252033
0.463415
0.020325
0.008638
0.009654
0.004573
0.00813
0.022358
0.013211
0.408028
0.683435
0.683435
0.74187
0.626524
0.46189
0.014736
0.021341
0.01372
0.01372
0.000508
0.018293
0.01626
0.407012
0.666159
0.606199
0.703252
0.418191
0.010671
0.014228
0.003049
0.016768
0.002033
0.002541
0.002541
0.004065
0.407012
0.208841
0.722053
0.700203
0.587398
0.009654
0.018801
0.018801
0.003049
0.014736
0.003557
0.005081
0.011687
0.405488
0.632622
0.702744
0.683943
0.268801
0.015244
0.005081
0.015752
0.004573
0.017785
0.018801
0.003049
0.01626
0.404472
0.429878
0.683435
0.22815
0.498984
0.010671
0.015752
0.01372
0.010671
0.021341
0.015244
0.00813
0.009146
0.402947
0.583333
0.644817
0.626524
0.269309
0.012703
0.00813
0.018293
0.015752
0.017276
0.020325
0.006098
0.002541
0.011687
0.230183
0.623984
0.607724
0.268293
0.011179
0.017276
0.009654
0.001524
0.017785
0.017785
0.002033
0.016768
0.01372
0.231707
0.606199
0.570122
0.28811
0.015244
0.017785
0.017276
0.018293
0.018293
0.011687
0.015752
0.009654
0.01372
0.45935
0.567581
0.549797
0.277947
0.013211
0.01626
0.012703
0.018801
0.011687
0.011179
0.013211
0.01372
0.010163
0.387195
0.081301
0.533028
0.266768
0.013211
0.004573
0.014736
0.019817
0.007622
0.01372
0.006098
0.004573
0.011179
0.231707
0.081301
0.180386
0.26626
0.01372
0.018801
0.000508
0.013211
0.009654
0.01372
0.016768
0.000508
0.010671
0.230691
0.35874
0.42378
0.265752
0.009654
0.01626
0.020833
0.004573
0.010671
0.017276
0.01372
0.01372
0.011687
0.229675
0.415142
0.112805
0.265244
0.014228
0.020325
0.014228
0.01372
0.01372
0.007114
0.006606
0.002541
0.012703
0.229167
0.302337
0.264736
0.264736
0.012703
0.002033
0.018801
0.011179
0.004573
0.003049
0.004065
0.001016
0.010163
0.228659
0.302337
0.264228
0.264228
0.014736
0.001016
0.020833
0.001016
0.002541
0
0.007622
0.019817
0.010163
0.228659
0.22815
0.19563
0.012195
0.013211
0.009146
0.019817
0.002033
0.010671
0.000508
0.009654
0.009654
0.009654
0.22815
0.136687
0.11128
0.011687
0.011687
0.010671
0.009146
0.01372
0.016768
0.020833
0.017785
0.014736
0.012703
0.22815
0.081809
0.110772
0.011687
0.013211
0.000508
0.019817
0.002541
0.006606
0.018801
0.011687
0.019817
0.014736
0.010163
0.013211
0.082317
0.110772
0.010163
0.014736
0.006098
0.005589
0.014736
0.01372
0.012195
0.002541
0.002033
0.018801
0.009654
0.012703
0.083333
0.110264
0.01372
0.012195
0.005081
0.016768
0.018801
0.009146
0.015244
0.011179
0.017785
0.011179
0.009654
0.00813
0.083333
0.110264
0.015244
0.011687
0.014228
0.009654
0.002033
0.010671
0.006098
0.004065
0.010163
0.005081
0.012195
0.011687
0.083333
0.109756
0.012703
0.01372
0.013211
0.014736
0.018801
0.020833
0.007114
0.00813
0.00813
0.017276
0.00813
0.011179
0.083333
0.10874
0.010671
0.009146
0.002541
0.007114
0.019309
0.020833
0.014228
0.004573
0.010671
0.010163
0.010671
0.009146
0.083333
0.10874
0.013211
0.010671
0.019309
0.009146
0.007622
0.011179
0.019309
0.004573
0.01626
0.018801
0.009146
0.012703
0.083841
0.10874
0.014736
0.011179
0.018293
0.01626
0.018293
0.005081
0.014228
0.004065
0.001016
0.005589
0.01372
0.012703
0.083841
0.012703
0.010163
0.012703
0.014736
0.001524
0.018293
0.009654
0.012703
0.009654
0.008638
0.007622
0.013211
0.012195
0.08435
0.01372
0.010163
0.015244
0.01626
0.014736
0.014228
0.012703
0.01626
0.016768
0.014228
0.004573
0.011179
0.014736
0.011687
0.010163
0.012703
0.010163
0.015752
0.012195
0.020325
0.006098
0.009146
0.015244
0.004065
0.018293
0.00813
0.014736
0.012703
0.010671
0.012195
0.011179
0.009146
0.012703
0
0.011179
0.017785
0.017785
0.010163
0.008638
0.012703
0.012195
0.010163
0.010163
0.009654
0.010671
0.010671
0.018293
0.017276
0.012195
0.013211
0.013211
0.020833
0.011179
0.010163
0.010163
0.011179
0.01372
0.012703
0.015244
0.01626
0.011687
0.019309
0.017785
0.018801
0.000508
0.003557
0.017785
0.012195
0.011687
0.012195
0.013211
0.009654
0.010671
0.014228
0.014736
0
0.020325
0.01372
0.012195
0.01626
0.001524
0.011687
0.015752
0.014228
0.011687
0.010163
0.009654
0.004573
0.017276
0.017276
0.015244
0.004573
0.005589
0.015244
0.007114
0.010671
0.014736
0.012195
0.01372
0.010163
0.012195
0.013211
0.010671
0.010163
0.001524
0.007622
0.020325
0.002033
0.005589
0.010671
0.014736
0.010671
0.010671
0.011179
0.011687
0.001016
0.006098
0.001524
0.018293
0.012195
0.003557
0.014736
0.014736
0.010163
0.012195
0.012703
0.011179
0.010671
0.011687
0.010163
0.017276
0.020833
0.014736
0.00813
0.007114
0.015244
0.002033
0.010163
0.007622
0.010163
0.012195
0.009654
0.012703
0.010163
0
0.005081
0.01372
0.004065
0.007622
0.009146
0.01626
0.014736
0.011687
0.012195
0.012703
0.012195
0.007622
0.018293
0.005081
0.019817
0.006098
0.017785
0.011179
0.003049
0.012703
0.012703
0.015244
0.011179
0.012195
0.010671
0.014228
0.012703
0.016768
0.015244
0.012703
0.000508
0.017785
0.009654
0.016768
0.013211
0.009654
0.013211
0.01372
0.014736
0.013211
0.011687
0.01626
0.006098
0.017276
0.007114
0.011687
0.015752
0.006098
0.012703
0.010671
0.013211
0.010671
0.013211
0.010671
0.003049
0.006606
0.011687
0.009654
0.017785
0.018293
0.017785
0.014736
0.012195
0.012703
0.014228
0.011687
0.014228
0.012195
0.017276
0.009146
0.01372
0.001016
0.017276
0.012703
0.014228
0.002033
0.010671
0.01372
0.012195
0.01372
0.012703
0.010671
0.014228
0.011687
0.011687
0.009146
0.01372
0.018801
0.002541
0
0.012703
0.009654
0.012703
0.012195
0.010671
0.010671
0.008638
0.010671
0.019309
0.001524
0.018293
0.020325
0.01626
0.01372
0.012195
0.010671
0.013211
0.012195
0.012703
0.013211
0.020325
0.015244
0.008638
0.020833
0.016768
0.016768
0.018293
0.005589
0.012703
0.011179
0.013211
0.009146
0.011687
0.01372
0.010163
0.016768
0.021341
0.013211
0.014228
0.016768
0.006606
0.009146
0.010163
0.011687
0.014228
0.008638
0.014228
0.012195
0.014736
0.002541
0.015752
0.012195
0.018293
0.016768
0.013211
0.005081
0.012195
0.011179
0.014736
0.011687
0.011179
0.012703
0.015244
0.016768
0.007622
0.00813
0.007114
0.014736
0.006098
0.004065
0.01372
0.009654
0.011687
0.010671
0.011179
0.013211
0.018293
0.015244
0.006606
0.019817
0.011687
0.014736
0.005589
0.016768
0.011687
0.014736
0.013211
0.014228
0.01372
0.011179
0.018293
0.017276
0.007622
0.017276
0.005589
0.014228
0.015752
0.011687
0.011687
0.010163
0.012703
0.010671
0.015244
0.009654
0.018293
0.005081
0.014736
0.01626
0.018293
0.017276
0.003557
0.015752
0.012195
0.010671
0.010163
0.012195
0.01372
0.011687
0.017785
0
0.010671
0.000508
0.002541
0.003049
0.019309
0.017276
0.012195
0.01372
0.012703
0.01372
0.007622
0.014228
0.004065
0.004065
0.020833
0.018293
0.015752
0.005589
0.018801
0.000508
0.013211
0.012195
0.012703
0.011179
0.014228
0.011179
0.007114
0.015244
0.000508
0.01372
0.015752
0.015244
0.016768
0.014736
0.01372
0.009654
0.013211
0.012703
0.01372
0.013211
0.007622
0.006098
0.005589
0.015244
0.006098
0.021341
0.002033
0.011687
0.015752
0.009146
0.012195
0.01372
0.010163
0.014736
0.00813
0.015752
0.020325
0.019817
0.002033
0.001016
0.01372
0.017276
0.012703
0.009146
0.011687
0.014228
0.013211
0.011687
0.018801
0.019817
0.002541
0.001524
0.015752
0.019309
0.015752
0.006606
0.013211
0.012195
0.011179
0.011179
0.011687
0.011179
0.009654
0.01626
0.003049
0.014228
0.013211
0.005081
0.01372
0.020325
0.009654
0.009654
0.01372
0.013211
0.012195
0.011687
0.006606
0.015752
0.019309
0.014736
0.001016
0.01372
0.014736
0.00813
0.009654
0.010671
0.011687
0.011687
0.009654
0.012703
0.01626
0.013211
0.005081
0.017276
0.009146
0.018801
0.016768
0.019309
0.014736
0.011687
0.010163
0.012195
0.014228
0.012195
0.017785
0.008638
0.004065
0.007622
0.012703
0.010163
0.01372
0.020325
0.012195
0.009146
0.10061
0.091463
0.012195
0.009654
0.004573
0.009654
0.014228
0.005081
0.012703
0.014228
0.011687
0.003557
0.009654
0.010671
0.101118
0.090955
0.011687
0.009654
0.009146
0.015244
0.006098
0.010163
0.002541
0.019309
0.016768
0.010671
0.010163
0.010163
0.101626
0.090447
0.012195
0.01372
0.009654
0.010163
0.004065
0.012703
0.006098
0.006098
0.003557
0.014228
0.010671
0.012195
0.102134
0.090447
0.011687
0.012703
0.005081
0.01626
0.018801
0.018293
0.006606
0.017276
0.017785
0.018293
0.011687
0.01372
0.102134
0.089939
0.014228
0.012195
0.006098
0.019309
0.01626
0.019309
0.009654
0.006606
0.012703
0.005081
0.013211
0.010163
0.102642
0.089939
0.011687
0.011179
0.006098
0.005589
0.014736
0.007114
0.01626
0.01372
0.014736
0.006098
0.011687
0.009654
0.103659
0.089939
0.011687
0.01626
0.004573
0.015244
0.012195
0.002033
0.00813
0.007622
0.017276
0.001016
0.011687
0.010163
0.103659
0.089939
0.014228
0.009146
0.017276
0.014228
0.012703
0.01372
0.005081
0.019309
0.011179
0.003049
0.010671
0.009654
0.103659
0.089431
0.009146
0.010163
0.018801
0.018293
0.012195
0.017785
0.010671
0.017276
0.000508
0.002033
0.014736
0.014736
0.104167
0.089431
0.237805
0.010163
0.005081
0.020325
0.008638
0.001524
0.012703
0.006098
0.014736
0.004573
0.009146
0.253049
0.104167
0.19563
0.237805
0.012195
0.01372
0.002541
0.017276
0.022358
0.01372
0.010671
0.012703
0.003049
0.015752
0.253049
0.297256
0.088923
0.237805
0.01372
0.014736
0.016768
0.002541
0.014228
0.014736
0.015244
0.017785
0.002541
0.010671
0.253049
0.104675
0.377033
0.237805
0.01372
0.016768
0.005589
0.009146
0.010163
0.005589
0.012195
0.014736
0.002541
0.01372
0.253049
0.387703
0.267276
0.237805
0.014736
0.012703
0.012195
0.006098
0.014736
0.006098
0.013211
0.014228
0.016768
0.011179
0.254065
0.442581
0.35874
0.237805
0.010671
0.001016
0.015752
0.00813
0.005081
0.002033
0.01626
0.014736
0.019817
0.012195
0.254573
0.497459
0.311992
0.239329
0.014736
0.004573
0.014228
0.020325
0.008638
0.009654
0.001016
0.006606
0.000508
0.011687
0.300305
0.535061
0.489329
0.286077
0.015244
0.019817
0.009146
0.017785
0.017276
0.009146
0.017785
0.015752
0.01372
0.011687
0.33689
0.102134
0.58435
0.239837
0.012703
0.009146
0.00813
0.014736
0.010163
0.017276
0.012703
0.017785
0.016768
0.011687
0.301321
0.102642
0.601626
0.323679
0.012195
0.014228
0.008638
0.018293
0.01626
0.014228
0.01626
0.014736
0
0.011687
0.483232
0.622459
0.603659
0.458841
0.011687
0.014736
0.007622
0.009654
0.000508
0.002033
0.018801
0.018293
0.014228
0.012195
0.387703
0.479675
0.639736
0.518293
0.015752
0.018293
0.006098
0.00813
0.006098
0.006098
0.009146
0.011179
0.010671
0.014228
0.557419
0.113821
0.660569
0.54878
0.00813
0.01626
0.011687
0.012195
0.005081
0.017276
0.013211
0.010163
0.018293
0.010163
0.604167
0.680386
0.676829
0.580793
0.424289
0.006098
0.019817
0.009654
0.017276
0.002033
0.006606
0.007114
0.011179
0.440041
0.619919
0.095528
0.700203
0.630081
0.425305
0.013211
0.006606
0.015752
0.013211
0.011687
0.003557
0.006098
0.014736
0.440041
0.636179
0.724593
0.09502
0.64685
0.426321
0.015244
0.001016
0.019817
0.012195
0.021341
0.020325
0.01626
0.009146
0.440549
0.669207
0.347053
0.395833
0.209858
0.427846
0.011687
0
0.009654
0.019309
0.009146
0.016768
0.01626
0.017276
0.441057
0.685976
0.763211
0.739329
0.680894
0.42937
0.007622
0.012703
0.016768
0.016768
0.004573
0.018293
0.01626
0.019817
0.466972
0.72002
0.763211
0.756606
0.715447
0.45122
0.017276
0.004065
0.016768
0.006606
0.002033
0.019817
0.002033
0.017785
0.442581
0.496443
0.762703
0.063008
0.732724
0.504065
0.003049
0.003557
0.014228
0.014736
0.012195
0.019309
0.006606
0.016768
0.443598
0.713415
0.78252
0.73628
0.751016
0.54878
0.010163
0.01626
0.017276
0.020833
0.005589
0.01372
0.006606
0.597053
0.755081
0.764228
0.565041
0.370427
0.579776
0.004573
0.003049
0.01372
0.015752
0.019309
0.018801
0.021341
0.631098
0.772866
0.801829
0.79624
0.769309
0.49187
0.012703
0.01626
0.018293
0.006098
0.001016
0.021341
0.01372
0.414634
0.246951
0.819614
0.683435
0.787602
0.626016
0.01372
0.020325
0.011179
0.012703
0.016768
0.017276
0.391768
0.806402
0.821138
0.739837
0.805894
0.677337
0.010671
0.010671
0.011687
0.01626
0.017276
0
0.70935
0.795732
0.821138
0.622459
0.787602
0.664634
0.006098
0.015244
0.005589
0.00813
0.008638
0.01626
0.458841
0.808943
0.818089
0.315041
0.805894
0.734756
0.004573
0.010671
0.007114
0.010671
0.003049
0.007622
0.658537
0.518801
0.492886
0.199187
0.824187
0.750508
0.010671
0.011687
0.001524
0.014228
0.016768
0.655996
0.777947
0.645325
0.434959
0.604167
0.824187
0.765752
0.656504
0.007114
0.018801
0.011179
0.000508
0.655996
0.77439
0.150407
0.60874
0.739837
0.755081
0.685976
0.658028
0.007114
0.018293
0.011687
0.005081
0.657012
0.800305
0.837907
0.841463
0.85874
0.842988
0.643801
0.660061
0.015244
0.005081
0.012703
0.019309
0.657012
0.627541
0.271341
0.337907
0.854675
0.842988
0.63872
0.661585
0.003049
0.014228
0.011179
0.010671
0.657012
0.638211
0.417175
0.337907
0.680386
0.129573
0.647358
0.662602
0.017276
0.013211
0.018801
0.015244
0.699695
0.652947
0.623984
0.395833
0.145325
0.645325
0.50813
0.66565
0.013211
0.013211
0.017785
0.015244
0.727642
0.8125
0.693089
0.880589
0.819106
0.861789
0.71189
0.702236
0.018293
0.018293
0.002033
0.000508
0.754065
0.754573
0.398882
0.241362
0.832825
0.645325
0.82622
0.726118
0.015244
0
0.014736
0.000508
0.764736
0.341972
0.882622
0.64685
0.224593
0.60315
0.698679
0.754065
0.003557
0.01372
0.003049
0.018801
0.602642
0.235264
0.746951
0.464431
0.814024
0.721545
0.596037
0.739329
0.001016
0.011179
0.020833
0.01372
0.790142
0.721545
0.552337
0.068089
0.066057
0.874492
0.866362
0.65498
0.008638
0.005589
0.005081
0.012703
0.744411
0.752033
0.816565
0.662602
0.897358
0.605183
0.840447
0.797764
0.019817
0.010671
0.017785
0.017276
0.698171
0.883638
0.481199
0.60315
0.898374
0.275915
0.247459
0.814533
0.003049
0.004065
0.01626
0.009654
0.73374
0.675813
0.749492
0.618902
0.676321
0.900407
0.514736
0.828252
0.020325
0.003557
0.005081
0.805386
0.709858
0.885671
0.241362
0.246443
0.125508
0.659045
0.884654
0.842988
0.002033
0.014736
0.017785
0.805894
0.815041
0.685467
0.791159
0.900407
0.898374
0.534553
0.490346
0.608232
0.015752
0.018293
0.012703
0.805894
0.870935
0.900915
0.84502
0.401931
0.125508
0.900407
0.64939
0.410569
0.004065
0.01626
0.012195
0.805894
0.630081
0.903455
0.900915
0.246443
0.779472
0.561484
0.346545
0.74187
0.82622
0.002033
0.018801
0.806402
0.669715
0.602134
0.769309
0.325711
0.502541
0.223069
0.648374
0.861789
0.828252
0.011687
0.007114
0.821138
0.818598
0.591463
0.600102
0.622967
0.917175
0.636687
0.73374
0.498984
0.829776
0.004065
0.017276
0.83435
0.715447
0.903963
0.807419
0.504065
0.738821
0.919715
0.651423
0.889228
0.831809
0.016768
0.011179
0.766768
0.733232
0.872967
0.638211
0.622967
0.205285
0.862297
0.508638
0.764228
0.833333
0.009146
0.012195
0.846545
0.712907
0.556911
0.525407
0.840447
0.324187
0.897358
0.715447
0.734248
0.841463
0.001524
0.000508
0.856199
0.657012
0.867886
0.770833
0.920224
0.086382
0.185467
0.608232
0.730691
0.837398
0.012703
0.020325
0.818089
0.632114
0.455285
0.617378
0.920224
0.561992
0.688008
0.800813
0.903455
0.860264
0.013211
0.014736
0.898882
0.53811
0.743394
0.130589
0.74187
0.918699
0.862297
0.349085
0.582317
0.878557
0.01626
0.017785
0.724085
0.924289
0.919207
0.581809
0.74187
0.561992
0.411077
0.245427
0.785569
0.832317
0.001016
0
0.873476
0.664634
0.440041
0.299797
0.920224
0.46189
0.766768
0.840955
0.901931
0.729675
0.006098
0.004573
0.61687
0.401423
0.761179
0.92124
0.345528
0.877541
0.653963
0.227134
0.55437
0.901423
0.002033
0.92124
0.661077
0.848577
0.33435
0.318598
0.880589
0.34248
0.41311
0.335874
0.64685
0.743394
0.007622
0.922256
0.928354
0.53252
0.425305
0.618394
0.583333
0.838415
0.655996
0.921748
0.260671
0.855183
0.005589
0.922764
0.410061
0.832317
0.54878
0.882622
0.345528
0.939024
0.582825
0.814533
0.875
0.881606
0.019817
0.923272
0.927337
0.54878
0.775915
0.1875
0.543699
0.64126
0.712398
0.402439
0.546748
0.660061
0.00813
0.923272
0.792683
0.839939
0.629065
0.939024
0.761687
0.759654
0.244919
0.669207
0.474085
0.860264
0.013211
0.932927
0.898882
0.387195
0.391768
0.472561
0.40498
0.443598
0.534045
0.940549
0.880589
0.691565
0.964431
0.924797
0.890752
0.921748
0.574187
0.84248
0.722053
0.225102
0.360772
0.405488
0.745427
0.70935
0.966463
0.892276
0.489329
0.830793
0.172256
0.1875
0.821138
0.800305
0.823171
0.171748
0.696646
0.464939
0.96748
0.823171
0.706809
0.839939
0.556402
0.438516
0.60315
0.16565
0.129065
0.336382
0.86687
0.629573
0.969004
0.776931
0.898374
0.320122
0.941057
0.650915
0.722053
0.522358
0.186992
0.8125
0.714431
0.912093
0.970528
0.926829
0.544715
0.942073
0.941057
0.727134
0.74187
0.542175
0.938516
0.519817
0.539126
0.549289
0.972561
0.705793
0.349085
0.795224
0.593496
0.766768
0.602642
0.166159
0.129065
0.35061
0.938008
0.864837
0.975102
0.946646
0.944614
0.319614
0.410569
0.245427
0.721545
0.70122
0.47561
0.446138
0.237297
0.906504
0.976118
0.770833
0.866362
0.786077
0.775915
0.476626
0.662093
0.285061
0.186992
0.349593
0.539126
0.559451
0.984248
0.682419
0.85315
0.647866
0.960366
0.592988
0.107215
0.661585
0.244919
0.171748
0.757114
0.40498
0.934451
0.836382
0.676321
0.356199
0.32063
0.900407
0.939533
0.701728
0.418699
0.793699
0.563008
0.682927
0.909045
0.741362
0.961382
0.799797
0.394309
0.70935
0.285569
0.403963
0.379065
0.721545
0.649898
0.846037
0.954776
0.782012
0.838415
0.902439
0.452236
0.786077
0.662093
0.839939
0.901423
0.46189
0.580793
0.575711
0.900407
0.58435
0.940549
0.319614
0.731707
0.901423
0.95935
0.42378
0.206301
0.792683
0.52439
0.824695
0.851118
0.790142
0.643293
0.533028
0.283028
0.670224
0.602642
0.89939
0.534553
0.959858
0.627033
0.423272
0.810976
0.661585
0.793191
0.960874
0.545732
0.825203
0.622459
0.681911
0.668191
0.226118
0.88872
0.725102
0.667683
0.844004
0.647358
0.85315
0.677846
0.380589
0.662093
0.701728
0.957825
0.620935
0.574695
0.772358
1
0.732215
0.760671
0.533028
0.508638
0.960366
0.642276
0.840447
0.901423
0.901423
0.373476
0.395833
0.807419
0.620935
0.568598
0.693089
0.601118
0.264228
0.424289
0.404472
0.495935
0.600102
0.960874
0.83689
0.966463
0.870427
0.408537
0.479675
0.283028
0.670224
0.82063
0.523374
0.534045
0.485772
0.533537
0.60061
0.754065
0.567581
0.748984
0.553354
0.922764
0.148882
0.226118
0.483232
0.322154
0.938516
0.914634
0.684959
0.60315
0.803862
0.358232
0.302337
0.432927
0.244919
0.642276
0.95935
0.359248
0.879065
0.550305
0.638211
0.743902
0.744411
0.724593
0.741362
0.65752
0.632114
0.444106
0.82063
0.264228
0.28252
0.65498
0.828252
0.830285
0.79878
0.752541
0.648882
0.771341
0.632114
0.48374
0.126524
0.341972
0.52439
0.587907
0.638211
0.622459
0.570122
0.35874
0.52185
0.601118
0.901931
0.463923
0.642276
0.438008
0.637195
0.534045
0.817073
0.341463
0.357724
0.953252
0.69563
0.650915
0.840447
0.463923
0.322154
0.639228
0.480691
0.799797
0.927337
0.824187
0.357215
0.847053
0.708841
0.48374
0.840447
0.456809
0.790142
0.26626
0.440549
0.364329
0.872967
0.558435
0.959858
0.88313
0.364837
0.839939
0.901423
0.63872
0.819614
0.712398
0.824187
0.772358
0.302337
0.301321
0.148882
0.226118
0.919715
0.496443
0.508638
0.815041
0.760163
0.333333
0.565041
0.792175
0.226626
0.747967
0.543191
0.245427
0.340955
0.50813
0.756606
0.678354
0.406504
0.409553
0.686484
0.734248
0.1875
0.483232
0.860264
0.803862
0.677337
0.573171
0.494411
0.66311
0.713415
0.684959
0.696646
0.797256
0.126524
0.42378
0.573679
0.563516
0.972561
0.846545
0.889228
0.795732
0.705793
0.842988
0.365854
0.304878
0.602134
0.206301
0.508638
0.760163
0.770325
0.94563
0.795732
0.960366
0.89939
0.484756
0.919715
0.780488
0.727642
0.563516
0.705285
0.844004
0.410061
0.887703
0.704776
0.949187
0.364329
0.245427
0.602134
0.515752
0.753049
0.893801
0.617886
0.276931
0.820122
0.430386
0.339431
0.833841
0.839939
0.721037
0.264228
0.847053
0.813516
0.965447
0.734248
0.892785
0.814024
0.496951
0.484756
0.126524
0.364329
0.746951
0.226626
0.8125
0.269309
0.66565
0.801321
0.471545
0.952744
0.544207
0.304878
0.780488
0.482215
0.64126
0.972561
0.872459
0.525407
0.640244
0.617378
0.572154
0.621951
0.673272
0.721037
0.481707
0.583333
0.74187
0.729167
0.630081
0.867378
0.356707
0.837907
0.1875
0.185467
0.206301
0.715955
0.226118
0.705285
0.617886
0.698679
0.692073
0.805894
0.322154
0.602134
0.770325
0.95935
0.900407
0.168191
0.790142
0.713415
0.664126
0.749492
0.451728
0.779472
0.721037
0.734248
0.126524
0.482724
0.571138
0.760163
0.918191
0.550813
0.829776
0.525915
0.458841
0.484756
0.166667
0.245427
0.894309
0.492378
0.705285
0.838415
0.699187
0.462907
0.892785
0.457317
0.484756
0.410569
0.622459
0.422256
0.683943
0.412602
0.500508
0.768801
0.522358
0.302337
0.573679
0.840447
0.955285
0.126524
0.912093
0.854675
0.685976
0.722561
0.784045
0.576728
0.863821
0.225102
0.128049
0.714431
0.543191
0.800305
0.34248
0.26372
0.714431
0.693089
0.46748
0.940041
0.458841
0.128049
0.775407
0.126016
0.385163
0.571646
0.583333
0.753049
0.433435
0.412093
0.190041
0.285061
0.544207
0.288618
0.706301
0.74187
0.61128
0.673272
0.785569
0.699187
0.686484
0.227642
0.516768
0.445122
0.95376
0.185467
0.185976
0.495427
0.677846
0.80437
0.714939
0.686484
0.190041
0.572663
0.855183
0.410569
0.430894
0.385163
0.168699
0.583333
0.849085
0.652439
0.541159
0.805894
0.398882
0.801829
0.126016
0.734248
0.444614
0.83689
0.839939
0.750508
0.583841
0.794715
0.39685
0.574695
0.385163
0.490854
0.49187
0.851626
0.859248
0.743394
0.776423
0.654472
0.845528
0.752541
0.516768
0.147866
0.613821
0.49187
0.972053
0.34248
0.956809
0.783537
0.32622
0.377033
0.752541
0.573679
0.32622
0.612805
0.674797
0.205793
0.34248
0.949187
0.632622
0.287602
0.806402
0.86687
0.439533
0.920732
0.349593
0.429878
0.503049
0.168191
0.707825
0.834858
0.465955
0.229167
0.283028
0.496443
0.721545
0.49187
0.673272
0.621951
0.495427
0.760671
0.611789
0.497967
0.482724
0.872459
0.399898
0.206301
0.734756
0.126016
0.74187
0.51626
0.283028
0.724593
0.583841
0.826728
0.980183
0.323679
0.504573
0.979675
0.307419
0.206809
0.782012
0.489837
0.560467
0.621443
0.743394
0.283028
0.285061
0.856707
0.307419
0.714431
0.563516
0.667683
0.489837
0.853659
0.499492
0.484248
0.452744
0.206809
0.186484
0.72815
0.185467
0.74187
0.972053
0.638211
0.286077
0.391768
0.340447
0.897358
0.574695
0.32622
0.731199
0.247967
0.914126
0.4375
0.415142
0.615854
0.359756
0.683435
0.638211
0.285061
0.504573
0.126016
0.610772
0.639228
0.457825
0.859248
0.753049
0.340955
0.210874
0.955285
0.804878
0.385671
0.729675
0.827236
0.778963
0.574187
0.528963
0.668699
0.23374
0.796748
0.869411
0.972561
0.32622
0.72815
0.126016
0.775915
0.51626
0.547764
0.769817
0.819614
0.747967
0.911585
0.972561
0.564024
0.385163
0.227642
0.504065
0.495427
0.751524
0.555386
0.75
0.48628
0.452236
0.864329
0.543191
0.265752
0.348577
0.918699
0.186484
0.376524
0.450711
0.588923
0.48374
0.284045
0.439533
0.602642
0.722053
0.531504
0.721545
0.972053
0.690041
0.780488
0.322663
0.85315
0.585366
0.169207
0.662093
0.14685
0.470528
0.854675
0.747967
0.526931
0.403963
0.447663
0.557927
0.22815
0.227134
0.503557
0.959858
0.166667
0.778963
0.399898
0.576728
0.780488
0.645833
0.596037
0.472561
0.227134
0.266768
0.959858
0.796748
0.840955
0.801321
0.630081
0.815549
0.368394
0.405488
0.41565
0.458841
0.972561
0.186992
0.185976
0.325711
0.708841
0.681911
0.340447
0.733232
0.698171
0.867378
0.67124
0.855183
0.860264
0.732724
0.972053
0.64685
0.934451
0.834858
1
0.431911
0.690041
0.856707
0.207317
0.979675
0.53252
0.385163
0.924289
0.856199
0.817073
0.414634
0.756098
0.472561
0.95376
0.801829
0.444106
0.734248
0.385163
0.168699
0.246951
0.77998
0.469004
0.618902
0.690041
0.82063
0.841463
0.622459
0.632114
0.722053
0.921748
0.190549
0.485772
0.430894
0.431402
0.416159
0.877033
0.504573
0.860264
0.471545
0.166667
0.284045
0.796748
0.670224
0.475102
0.212398
0.796748
0.786077
0.504573
0.206809
0.613821
0.186992
0.572154
0.796748
0.72561
0.519817
0.430894
0.659553
0.91311
0.564024
0.325711
0.674797
0.286077
0.630589
0.681911
0.601118
0.522358
0.539126
0.636687
0.960874
0.702236
0.444614
0.674797
0.305894
0.168699
0.636687
0.885671
0.316057
0.539126
0.603659
0.380589
0.916159
0.543699
0.613821
0.563516
0.206809
0.631606
0.623476
0.679878
0.266768
0.54624
0.227134
0.385671
0.543699
0.308943
0.85315
0.477134
0.658028
0.322663
0.253049
0.690041
0.581809
0.729167
0.40498
0.147358
0.430894
0.622967
0.381098
0.227134
0.885671
0.268801
0.744919
0.303354
0.972561
0.91311
0.722053
0.288618
0.563516
0.979675
0.610772
0.97561
0.786585
0.358232
0.746443
0.786077
0.603659
0.900407
0.83689
0.740346
0.572154
0.690549
0.810976
0.372459
0.512195
0.190549
0.875508
0.742378
0.682419
0.369919
0.74187
0.767276
0.167175
0.77439
0.215955
0.430894
0.602642
0.207317
0.740854
0.444614
0.834858
0.74187
0.265244
0.361789
0.680386
0.146341
0.669715
0.660569
0.878557
0.207317
0.662602
0.633638
0.147358
0.168191
0.980183
0.824187
0.21748
0.590955
0.41565
0.458841
0.147866
0.226626
0.450711
0.385163
0.820122
0.22561
0.674797
0.215955
0.322663
0.707825
0.169207
0.623476
0.920224
0.410569
0.682419
0.226626
0.785569
0.54878
0.199695
0.853659
0.359248
0.817073
0.502541
0.840955
0.735772
0.642276
0.400407
0.1875
0.829268
0.359756
0.450203
0.359248
0.85315
0.306402
0.959858
0.91565
0.147358
0.34248
0.917683
0.416159
0.705793
0.818089
0.85315
0.745427
0.795732
0.246443
0.972053
0.900407
0.51626
0.285061
0.599085
0.23374
0.395325
0.810976
0.169207
0.285569
0.900407
0.837398
0.325711
0.439024
0.419715
0.621951
0.359756
0.395325
0.246951
0.400915
0.972561
0.186992
0.49187
0.920224
0.689533
0.39126
0.807419
0.359756
0.743394
0.265752
0.425305
0.662602
0.857724
0.26626
0.206809
0.185976
0.544207
0.885163
0.246443
0.869919
0.753557
0.246443
0.308943
0.859248
0.631606
0.420224
0.605183
0.699187
0.92378
0.477134
0.893801
0.246443
0.552846
0.682419
0.207317
0.567581
0.605183
0.230183
0.265752
0.245935
0.792175
0.74187
0.756098
0.682419
0.825203
0.454776
0.96748
0.76626
0.604167
0.856707
0.32622
0.186992
0.979675
0.325711
0.207317
0.47815
0.927846
0.908537
0.246951
0.612805
0.445122
0.365346
0.471545
0.206809
0.573679
0.168699
0.548272
0.664634
0.922256
0.516768
0.32622
0.821138
0.28811
0.444614
0.264736
0.798272
0.594004
0.322154
0.303354
0.168699
0.147866
0.682419
0.695122
0.147358
0.875
0.186992
0.808435
0.725102
0.303354
0.816565
0.852134
0.186992
0.95935
0.701728
0.979675
0.360772
0.830285
0.690549
0.690041
0.47815
0.444614
0.74187
0.53252
0.26626
0.51626
0.456809
0.762703
0.691057
0.867378
0.285061
0.848577
0.622967
0.126016
0.682419
0.72815
0.674289
0.71748