10.780014
22.146557
32.114982
39.793756
44.005998
43.78824
39.197532
31.256166
21.122161
9.658549
10.730539
22.115841
32.110208
39.823399
44.075737
43.893825
39.325464
31.393464
21.260994
9.794572
10.68576
22.090561
32.111663
39.860012
44.152835
44.006449
39.459437
31.535554
21.403458
9.933268
10.645733
22.070752
32.11936
39.903585
44.237264
44.126063
39.599375
31.682339
21.549448
10.074529
10.61051
22.056449
32.133309
39.954107
44.328993
44.252615
39.745199
31.833722
21.698855
10.218247
10.580141
22.047679
32.153517
40.011564
44.427988
44.386048
39.89683
31.989603
21.851571
10.364312
10.554673
22.044469
32.179989
40.075937
44.534212
44.526304
40.054184
32.149878
22.007483
10.512612
10.534148
22.046841
32.212722
40.147205
44.647625
44.673322
40.217174
32.314443
22.166479
10.663037
10.518608
22.054814
32.251715
40.225344
44.768186
44.827038
40.38571
32.483189
22.328445
10.815474
10.508088
22.068404
32.29696
40.310326
44.895847
44.987385
40.559701
32.656006
22.493264
10.969811
10.502623
22.087622
32.348446
40.40212
45.030562
45.154294
40.739052
32.832783
22.660819
11.125934
10.502242
22.112477
32.40616
40.500693
45.17228
45.327693
40.923664
33.013404
22.830992
11.283731
10.506974
22.142973
32.470084
40.606007
45.320947
45.507508
41.113439
33.197753
23.003663
11.443088
10.516842
22.179113
32.540197
40.718023
45.476506
45.69366
41.308273
33.385712
23.178712
11.603891
10.531866
22.220893
32.616475
40.836697
45.638901
45.886072
41.508062
33.577161
23.356017
11.766027
10.552063
22.268309
32.698891
40.961984
45.808068
46.084662
41.712698
33.771977
23.535457
11.929383
10.577446
22.32135
32.787412
41.093833
45.983946
46.289344
41.922072
33.970037
23.716907
12.093845
0.069679
10.608024
22.380003
32.882005
41.232194
46.166467
46.500033
42.136071
34.171215
23.900246
12.259303
0.195263
10.643805
22.444253
32.982632
41.37701
46.355564
46.716641
42.354583
34.375385
24.085348
12.425643
0.322523
10.684791
22.514077
33.089252
41.528225
46.551166
46.939077
42.57749
34.582419
24.272092
12.592755
0.451306
10.73098
22.589454
33.201819
41.685777
46.753199
47.167248
42.804675
34.792187
24.460352
12.76053
0.581459
10.782367
22.670355
33.320286
41.849603
46.96159
47.401059
43.036018
35.00456
24.650005
12.928857
0.712832
10.838945
22.756748
33.444602
42.019636
47.176259
47.640414
43.271397
35.219405
24.840926
13.097629
0.845275
10.9007
22.8486
33.574711
42.195808
47.397129
47.885213
43.510688
35.436591
25.032993
13.26674
0.978639
10.967617
22.945871
33.710556
42.378045
47.624118
48.135358
43.753766
35.655985
25.226083
13.436084
1.112779
11.039676
23.04852
33.852077
42.566274
47.857142
48.390744
44.000504
35.877453
25.420072
13.605559
1.247552
11.116853
23.156501
33.999207
42.760417
48.096115
48.651269
44.250773
36.100861
25.61484
13.77506
1.382819
11.199121
23.269765
34.15188
42.960394
48.340951
48.916827
44.504444
36.326074
25.810265
13.94449
1.518444
11.286448
23.388258
34.310024
43.166122
48.59156
49.18731
44.761385
36.552957
26.006227
14.113748
1.654296
11.378799
23.511925
34.473566
43.377516
48.847851
49.46261
45.021464
36.781376
26.202607
14.282739
1.790249
11.476134
23.640705
34.642428
43.594488
49.109731
49.742617
45.284546
37.011194
26.399288
14.45137
1.926179
11.578413
23.774535
34.81653
43.816948
49.377106
50.027218
45.550496
37.242277
26.596153
14.619546
2.061971
11.685586
23.913347
34.995787
44.044802
49.64988
50.316301
45.819178
37.47449
26.793088
14.78718
2.197512
11.797605
24.057072
35.180114
44.277956
49.927954
50.60975
46.090455
37.707699
26.989979
14.954183
2.332697
11.914414
24.205636
35.369421
44.516312
50.21123
50.907451
46.364188
37.941767
27.186714
15.120471
2.467423
12.035956
24.35896
35.563616
44.759768
50.499607
51.209286
46.640238
38.176563
27.383183
15.285961
2.601595
12.162168
24.516966
35.762602
45.008224
50.792982
51.515137
46.918466
38.411953
27.579279
15.450575
2.735125
12.292987
24.679567
35.966281
45.261573
51.091251
51.824885
47.19873
38.647804
27.774896
15.614234
2.867926
12.428341
24.846679
36.174551
45.519709
51.39431
52.138409
47.48089
38.883985
27.969929
15.776866
2.999922
12.56816
25.018209
36.38731
45.782523
51.702051
52.455587
47.764802
39.120364
28.164278
15.938399
3.13104
0.059661
12.712366
25.194066
36.604449
46.049902
52.014368
52.776297
48.050325
39.356814
28.357843
16.098764
3.261211
0.164533
12.86088
25.374152
36.82586
46.321733
52.331152
53.100416
48.337316
39.593205
28.550528
16.257896
3.390374
0.274174
13.01362
25.558367
37.051429
46.597899
52.652292
53.427819
48.625632
39.82941
28.742237
16.415733
3.518473
0.388584
13.170498
25.74661
37.281042
46.878284
52.977677
53.758381
48.915128
40.065304
28.93288
16.572217
3.645456
0.507751
13.331425
25.938776
37.514582
47.162766
53.307195
54.091975
49.205661
40.300763
29.122368
16.727289
3.771278
0.63165
13.496309
26.134756
37.751929
47.451224
53.640733
54.428475
49.497087
40.535664
29.310614
16.880899
3.895898
0.760248
13.665054
26.334439
37.99296
47.743534
53.978177
54.767753
49.789262
40.769887
29.497535
17.032995
4.019279
0.893499
13.837561
26.537714
38.237551
48.03957
54.319411
55.109681
50.082042
41.003313
29.68305
17.183532
4.141391
1.031345
14.013728
26.744463
38.485576
48.339203
54.66432
55.454129
50.375283
41.235824
29.867082
17.332464
4.262206
1.173717
14.193452
26.954569
38.736904
48.642305
55.012787
55.800967
50.668841
41.467307
30.049556
17.479753
4.381701
1.320536
14.376624
27.167911
38.991406
48.948744
55.364694
56.150066
50.962573
41.697649
30.230401
17.625361
4.49986
1.471712
14.563137
27.384367
39.248947
49.258387
55.719924
56.501294
51.256335
41.926739
30.409548
17.769254
4.616668
1.627145
14.752876
27.603812
39.509392
49.571099
56.078356
56.854519
51.549984
42.15447
30.586933
17.9114
4.732114
1.786725
14.945729
27.82612
39.772605
49.886742
56.439873
57.20961
51.843379
42.380735
30.762492
18.051773
4.846193
1.950334
15.141579
28.051161
40.038447
50.20518
56.804353
57.566434
52.136378
42.605433
30.936169
18.190348
4.9589
2.117846
15.340307
28.278805
40.306777
50.526272
57.171676
57.924857
52.428839
42.828462
31.107906
18.327102
5.070238
2.289128
15.541792
28.50892
40.577452
50.849877
57.54172
58.284747
52.720622
43.049725
31.277651
18.462018
5.180687
2.46404
15.745912
28.741372
40.850329
51.175853
57.914365
58.645969
53.011588
43.269128
31.445357
18.59508
5.289284
2.642437
15.952542
28.976026
41.125263
51.504054
58.289488
59.008388
53.301598
43.486579
31.610977
18.726275
5.396478
2.824173
16.161557
29.212746
41.402106
51.834335
58.666967
59.371871
53.590515
43.701989
31.774468
18.855594
5.502277
3.009095
16.372829
29.451392
41.680711
52.166549
59.046679
59.736282
53.878203
43.915272
31.935793
18.98303
5.60669
3.197051
16.586231
29.691827
41.960928
52.500547
59.428501
60.101484
54.164526
44.126346
32.094914
19.10858
5.709731
3.387888
16.80163
29.93391
42.242606
52.83618
59.812309
60.467343
54.449352
44.335131
32.251801
19.232241
5.811414
3.581454
17.018897
30.1775
42.525595
53.173296
60.19798
60.833722
54.732548
44.541553
32.406424
19.354017
5.911758
3.777597
17.237899
30.422455
42.809741
53.511743
60.585391
61.200485
55.013984
44.745537
32.558757
19.47391
6.010781
3.97617
17.458504
30.668632
43.094892
53.851368
60.974417
61.567494
55.29353
44.947016
32.708778
19.591929
6.108507
4.177029
17.680576
30.915888
43.380892
54.192014
61.364933
61.934612
55.571061
45.145923
32.856468
19.708082
6.204958
4.380037
17.903983
31.164079
43.667587
54.533526
61.756817
62.301703
55.846451
45.342197
33.001811
19.822381
6.30016
4.58506
18.128589
31.413061
43.954821
54.875747
62.149943
62.668628
56.119577
45.535779
33.144795
19.93484
6.394141
4.791974
18.354257
31.66269
44.242438
55.218519
62.544186
63.035249
56.390319
45.726615
33.28541
20.045477
6.486929
5.000662
18.580854
31.91282
44.530282
55.561681
62.939423
63.401428
56.658559
45.914654
33.423649
20.154309
6.578556
5.211493
18.808241
32.163307
44.818194
55.905073
63.335528
63.767026
56.924181
46.099849
33.559511
20.261358
6.669053
5.423303
19.036285
32.414005
45.106019
56.248533
63.732376
64.131905
57.187072
46.282157
33.692993
20.366646
6.758453
5.636343
19.264848
32.664772
45.393598
56.591898
64.129843
64.495926
57.447122
46.461538
33.824101
20.4702
6.846791
5.850467
19.493794
32.915461
45.680774
56.935005
64.527803
64.858949
57.704225
46.637957
33.952838
20.572045
6.934102
6.065531
19.722988
33.165929
45.967389
57.277689
64.926131
65.220834
57.958275
46.811382
34.079215
20.672211
7.020423
6.28139
19.952294
33.416033
46.253286
57.619784
65.324703
65.581443
58.209172
46.981786
34.203243
20.770727
7.105792
6.497903
20.181578
33.665628
46.538308
57.961122
65.723393
65.940635
58.45682
47.149146
34.324937
20.867627
7.190246
6.714928
20.410705
33.914574
46.822298
58.301537
66.122075
66.29827
58.701123
47.313441
34.444313
20.962944
7.273826
6.932324
20.639542
34.162728
47.105099
58.640859
66.520624
66.654207
58.941993
47.474656
34.561392
21.056714
7.35657
7.149951
20.867954
34.409949
47.386556
58.97892
66.918914
67.008307
59.179344
47.632779
34.676196
21.148973
7.438519
7.367671
21.095811
34.656098
47.666513
59.315549
67.31682
67.360429
59.413092
47.787803
34.78875
21.239759
7.519714
7.585346
21.322981
34.901036
47.944817
59.650575
67.714216
67.710431
59.643162
47.939724
34.899082
21.329112
7.600195
7.80284
21.549333
35.144626
48.221312
59.983827
68.110974
68.058174
59.869479
48.088542
35.007222
21.417072
7.680005
8.020016
21.774739
35.386731
48.495848
60.315131
68.506969
68.403515
60.091974
48.23426
35.113202
21.50368
7.759184
8.236742
21.999071
35.627217
48.768272
60.644316
68.902074
68.746316
60.310584
48.376888
35.217056
21.58898
7.837774
8.452885
22.222203
35.865951
49.038434
60.971207
69.296162
69.086434
60.52525
48.516437
35.318821
21.673015
7.915817
8.668313
22.444008
36.1028
49.306187
61.295632
69.689104
69.423728
60.735917
48.652922
35.418536
21.755829
7.993355
8.882898
22.664364
36.337636
49.571382
61.617415
70.080772
69.758059
60.942535
48.786362
35.516241
21.837467
8.070429
9.096511
22.883148
36.57033
49.833875
61.936383
70.471039
70.089286
61.145062
48.916781
35.611979
21.917974
8.147081
9.309026
23.10024
36.800756
50.093521
62.252361
70.859774
70.417269
61.343459
49.044205
35.705793
21.997398
8.22335
9.52032
23.315522
37.028791
50.350181
62.565175
71.246847
70.741869
61.537692
49.168664
35.79773
22.075784
8.299279
9.730269
23.528877
37.254312
50.603713
62.87465
71.632128
71.062946
61.727734
49.290192
35.887837
22.15318
8.374906
9.938752
23.740189
37.477201
50.853982
63.180613
72.015485
71.380362
61.913563
49.408824
35.976163
22.229633
8.450272
10.145652
23.949347
37.69734
51.100853
63.48289
72.396784
71.693979
62.095163
49.524602
36.062759
22.30519
8.525415
10.350851
24.15624
37.914615
51.344195
63.781309
72.775892
72.003661
62.272524
49.637569
36.147675
22.3799
8.600373
10.554235
24.360759
38.128915
51.583878
64.075698
73.152674
72.309272
62.445642
49.74777
36.230965
22.453809
8.675185
10.75569
24.562798
38.340129
51.819777
64.365887
73.526992
72.610678
62.614516
49.855255
36.312682
22.526965
8.749887
10.955108
24.762254
38.548153
52.051769
64.651706
73.898709
72.907746
62.779156
49.960075
36.39288
22.599416
8.824514
11.15238
24.959025
38.752884
52.279736
64.932989
74.267685
73.200345
62.939573
50.062286
36.471617
22.671209
8.899102
11.347399
25.153013
38.95422
52.503561
65.209569
74.633776
73.488347
63.095788
50.161944
36.548946
22.74239
8.973683
11.540064
25.344122
39.152066
52.723133
65.481285
74.996841
73.771624
63.247823
50.259108
36.624926
22.813006
9.048291
11.730272
25.532258
39.346329
52.938346
65.747975
75.35673
74.050052
63.395711
50.353841
36.699613
22.883103
9.122957
11.917926
25.717332
39.536918
53.149094
66.009482
75.713297
74.323511
63.539487
50.446207
36.773066
22.952725
9.197712
12.10293
25.899255
39.723747
53.355279
66.265653
76.066388
74.591882
63.679194
50.536271
36.845341
23.021918
9.272583
12.28519
26.077944
39.906734
53.556807
66.516337
76.415849
74.855052
63.814878
50.6241
36.916496
23.090725
9.347598
12.464617
26.253317
40.0858
53.753588
66.761389
76.76152
75.11291
63.946592
50.709764
36.986591
23.159188
9.422784
12.641122
26.425296
40.26087
53.945537
67.000667
77.10324
75.365351
64.074395
50.793334
37.055682
23.22735
9.498164
12.81462
26.593805
40.431872
54.132574
67.234036
77.440842
75.612274
64.198349
50.874881
37.123827
23.295252
9.573763
12.98503
26.758773
40.598741
54.314626
67.461365
77.774154
75.853585
64.318522
50.954479
37.191083
23.362933
9.6496
0.0214
13.152273
26.920132
40.761414
54.491623
67.682529
78.103002
76.089194
64.434988
51.032201
37.257507
23.430431
9.725695
0.168633
13.316273
27.077817
40.919831
54.663502
67.897412
78.427204
76.31902
64.547822
51.108123
37.323155
23.497784
9.802067
0.315347
13.476957
27.231766
41.07394
54.830206
68.105903
78.746572
76.542986
64.657107
51.18232
37.388082
23.565027
9.878731
0.461248
13.634254
27.381921
41.22369
54.991683
68.307898
79.060915
76.761026
64.762928
51.254868
37.452344
23.632195
9.955701
0.60606
13.788099
27.528229
41.369037
55.147887
68.503302
79.370031
76.97308
64.865375
51.325843
37.515993
23.69932
10.03299
0.749527
13.938428
27.67064
41.50994
55.29878
68.692031
79.673715
77.179097
64.964539
51.395321
37.579083
23.766434
10.110608
0.891406
14.08518
27.809105
41.646362
55.444328
68.874005
79.971752
77.379037
65.060518
51.46338
37.641664
23.833565
10.188563
1.031473
14.2283
27.943582
41.778274
55.584505
69.049158
80.263919
77.572868
65.15341
51.530094
37.703788
23.900743
10.266862
1.169518
14.367733
28.074033
41.905647
55.719291
69.217432
80.549986
77.760571
65.243318
51.595539
37.765502
23.967992
10.345508
1.305345
14.503429
28.200422
42.028461
55.848671
69.378778
80.829712
77.942134
65.330345
51.659791
37.826855
24.035336
10.424504
1.438775
14.635343
28.322717
42.146697
55.972639
69.533162
81.10285
78.117561
65.414597
51.722924
37.887892
24.102797
10.503849
1.569641
14.76343
28.440891
42.260345
56.091195
69.680557
81.369141
78.286864
65.496183
51.785011
37.948657
24.170397
10.583541
1.697787
14.887651
28.554921
42.369396
56.204344
69.820948
81.628318
78.450072
65.575212
51.846125
38.009193
24.238151
10.663577
1.823073
15.00797
28.664786
42.473848
56.312098
69.954334
81.880105
78.607221
65.651796
51.906336
38.069539
24.306076
10.743948
1.945368
15.124354
28.770473
42.573702
56.414478
70.080722
82.124217
78.758365
65.726046
51.965716
38.129735
24.374187
10.824647
2.064554
15.236775
28.871968
42.668966
56.511509
70.200136
82.36036
78.903567
65.798074
52.024331
38.189817
24.442493
10.905661
2.180522
15.345207
28.969264
42.75965
56.603222
70.312607
82.588235
79.042907
65.867992
52.082249
38.24982
24.511004
10.986977
2.293173
15.449628
29.062357
42.845772
56.689656
70.41818
82.807536
79.176475
65.935915
52.139535
38.309775
24.579727
11.06858
2.402417
15.55002
29.151248
42.927351
56.770857
70.516913
83.017956
79.304375
66.001953
52.196251
38.369712
24.648667
11.150451
2.508176
15.646368
29.235941
43.004413
56.846874
70.608875
83.219185
79.426724
66.066218
52.252459
38.42966
24.717825
11.23257
2.610376
15.738661
29.316444
43.076989
56.917765
70.694145
83.410917
79.543652
66.128823
52.308217
38.489643
24.787201
11.314914
2.708953
15.826892
29.392769
43.145111
56.983592
70.772816
83.592854
79.6553
66.189875
52.363582
38.549685
24.856792
11.397457
2.803851
15.911057
29.464931
43.208819
57.044423
70.844991
83.764708
79.761822
66.249483
52.418607
38.609804
24.926593
11.480174
2.895019
15.991155
29.532949
43.268155
57.100332
70.910782
83.926209
79.86338
66.307754
52.473344
38.67002
24.996596
11.563033
2.982416
16.067189
29.596848
43.323167
57.151398
70.970314
84.077113
79.960151
66.364793
52.527843
38.730347
25.066791
11.646002
3.066003
16.139165
29.656653
43.373904
57.197705
71.02372
84.217204
80.052317
66.420702
52.582149
38.790797
25.137166
11.729049
3.145751
16.207095
29.712395
43.420423
57.239341
71.071142
84.346305
80.14007
66.475581
52.636305
38.85138
25.207704
11.812136
3.221634
16.270991
29.764107
43.46278
57.276399
71.112731
84.464285
80.22361
66.529526
52.690352
38.912102
25.278389
11.895224
3.293632
16.330869
29.811828
43.501039
57.308978
71.148647
84.571067
80.303144
66.582634
52.744327
38.972969
25.3492
11.978273
3.361731
16.386751
29.855596
43.535265
57.337178
71.179055
84.66663
80.378885
66.634994
52.798265
39.033981
25.420114
12.06124
3.42592
16.438658
29.895457
43.565526
57.361104
71.204128
84.75102
80.451047
66.686696
52.852196
39.095137
25.491106
12.14408
3.486196
16.486618
29.931457
43.591895
57.380866
71.224045
84.824353
80.519853
66.737823
52.906148
39.156431
25.562148
12.226745
3.542558
16.53066
29.963645
43.614446
57.396574
71.238989
84.886814
80.585523
66.788456
52.960147
39.217858
25.63321
12.309186
3.595008
16.570817
29.992075
43.633257
57.408345
71.249148
84.93866
80.648282
66.838672
53.014213
39.279407
25.70426
12.391353
3.643556
16.607124
30.016802
43.648409
57.416294
71.254713
84.980218
80.708353
66.888545
53.068364
39.341065
25.775262
12.473192
3.688213
16.639619
30.037885
43.659985
57.420541
71.25588
85.010472
80.76596
66.938143
53.122614
39.402815
25.846179
12.554648
0.077885
3.728995
16.668345
30.055384
43.668069
57.421207
71.252845
85.032696
80.821324
66.98753
53.176975
39.46464
25.916972
12.635664
0.155735
3.765922
16.693344
30.069362
43.672749
57.418416
71.245805
85.045978
80.874663
67.036766
53.231452
39.526517
25.987597
12.716182
0.233354
3.799015
16.714663
30.079886
43.674114
57.412293
71.23496
85.050862
80.926191
67.085906
53.286051
39.588421
26.05801
12.796142
0.310642
3.828303
16.732353
30.087023
43.672255
57.402961
71.220509
85.047928
80.976117
67.135002
53.34077
39.650325
26.128166
12.875481
0.387501
3.853815
16.746464
30.090844
43.667264
57.390549
71.202649
85.037777
81.024647
67.184097
53.395607
39.712199
26.198014
12.954136
0.463831
3.875583
16.75705
30.09142
43.659236
57.375182
71.181579
85.021023
81.071977
67.233234
53.450553
39.77401
26.267505
13.032042
0.539531
3.893645
16.764168
30.088825
43.648266
57.356988
71.157492
84.999696
81.118297
67.282447
53.505598
39.835721
26.336584
13.109133
0.6145
3.908039
16.767877
30.083134
43.634449
57.336094
71.130583
84.971593
81.16379
67.331767
53.560727
39.897294
26.405196
13.18534
0.688637
3.918808
16.768237
30.074425
43.617883
57.312626
71.101042
84.93872
81.20863
67.381218
53.615921
39.958686
26.473284
13.260594
0.761841
3.925997
16.76531
30.062775
43.598666
57.286711
71.069055
84.901658
81.252981
67.430819
53.671158
40.019854
26.54079
13.334826
0.83401
3.929653
16.759161
30.048266
43.576895
57.258473
71.034806
84.860964
81.296999
67.480586
53.726411
40.08075
26.607651
13.407964
0.905045
3.929827
16.749857
30.030977
43.552669
57.228038
70.998474
84.817168
81.340827
67.530525
53.781652
40.141325
26.673805
13.479934
0.974844
3.926571
16.737465
30.010991
43.526087
57.195529
70.960232
84.770768
81.384599
67.580641
53.836845
40.201525
26.739188
13.550663
1.043307
3.919941
16.722055
29.98839
43.497248
57.161066
70.920251
84.722232
81.428438
67.630929
53.891954
40.261297
26.803732
13.620077
1.110334
3.909995
16.703697
29.963259
43.46625
57.124771
70.878695
84.67199
81.472453
67.68138
53.946937
40.320583
26.86737
13.6881
1.175828
3.896793
16.682465
29.935681
43.43319
57.08676
70.835723
84.620442
81.516744
67.73198
54.00175
40.379322
26.930032
13.754657
1.239689
3.880396
16.658431
29.905741
43.398168
57.04715
70.791487
84.567949
81.561396
67.782709
54.056344
40.437452
26.991648
13.819669
1.301821
3.860869
16.631671
29.873525
43.361279
57.006055
70.746136
84.514841
81.606481
67.833538
54.110667
40.494909
27.052143
13.883061
1.362127
3.838277
16.60226
29.839117
43.322621
56.963586
70.699809
84.461416
81.652058
67.884437
54.164662
40.551624
27.111446
13.944754
1.420513
3.812689
16.570276
29.802605
43.282289
56.919851
70.652642
84.407936
81.698172
67.935365
54.21827
40.607529
27.169481
14.004669
1.476885
3.784173
16.535795
29.764072
43.240376
56.874957
70.604763
84.354634
81.744855
67.986278
54.271429
40.662553
27.226171
14.062729
1.531151
3.752802
16.498896
29.723606
43.196977
56.829007
70.556293
84.301714
81.792122
68.037125
54.324071
40.716621
27.281439
14.118854
1.583219
3.718648
16.459657
29.681291
43.152183
56.7821
70.507347
84.249351
81.839974
68.08785
54.376126
40.769658
27.335207
14.172965
1.632999
3.681784
16.41816
29.637212
43.106084
56.734335
70.458035
84.19769
81.888396
68.138387
54.427521
40.821587
27.387396
14.224983
1.680405
3.642288
16.374482
29.591454
43.05877
56.685804
70.408457
84.146853
81.937359
68.188669
54.47818
40.872327
27.437926
14.27483
1.725348
3.600236
16.328706
29.544101
43.010328
56.636598
70.358707
84.096936
81.986814
68.238621
54.528021
40.921798
27.486716
14.322426
1.767746
3.555705
16.28091
29.495237
42.960844
56.586804
70.308874
84.048009
82.036698
68.288159
54.576962
40.969918
27.533685
14.367693
1.807515
3.508775
16.231176
29.444944
42.910401
56.536506
70.259038
84.000122
82.086929
68.337197
54.624917
41.016601
27.578752
14.410553
1.844574
3.459527
16.179584
29.393304
42.85908
56.485784
70.209274
83.953302
82.137408
68.385642
54.671796
41.061762
27.621833
14.450928
1.878844
3.408042
16.126216
29.340398
42.806963
56.434714
70.159648
83.907552
82.188017
68.433394
54.717508
41.105313
27.662848
14.488741
1.910249
3.354401
16.07115
29.286306
42.754126
56.383369
70.11022
83.86286
82.23862
68.480347
54.761956
41.147168
27.701712
14.523914
1.938713
3.298687
16.014468
29.231107
42.700644
56.331817
70.061044
83.819189
82.289061
68.526392
54.805044
41.187235
27.738343
14.556373
1.964165
3.240985
15.956249
29.174879
42.646592
56.280123
70.012166
83.776486
82.339165
68.57141
54.846672
41.225425
27.77266
14.586042
1.986533
3.181377
15.896573
29.117697
42.59204
56.22835
69.963626
83.73468
82.388735
68.61528
54.886738
41.261646
27.804578
14.612847
2.005751
3.11995
15.835519
29.059636
42.537055
56.176553
69.915458
83.69368
82.437558
68.657875
54.925136
41.295807
27.834017
14.636715
2.021753
3.056787
15.773163
29.000771
42.481705
56.124787
69.867686
83.653381
82.485395
68.699062
54.961759
41.327815
27.860894
14.657574
2.034476
2.991974
15.709585
28.941172
42.426051
56.0731
69.820332
83.613658
82.531991
68.738704
54.9965
41.357577
27.885128
14.675353
2.04386
2.925598
15.644861
28.88091
42.370156
56.021538
69.773408
83.574373
82.577068
68.776657
55.029249
41.384999
27.906638
14.689984
2.049848
2.857743
15.579065
28.820053
42.314076
55.970143
69.72692
83.535371
82.620328
68.812776
55.059892
41.409989
27.925345
14.701397
2.052386
2.788495
15.512275
28.758669
42.257868
55.918951
69.68087
83.496483
82.661454
68.846909
55.088317
41.432453
27.941169
14.709527
2.051422
2.717942
15.444562
28.696821
42.201584
55.867996
69.635252
83.457524
82.700108
68.8789
55.11441
41.452298
27.954033
14.714309
2.046909
2.646168
15.375999
28.634573
42.145273
55.817307
69.590052
83.418299
82.735936
68.908592
55.138055
41.46943
27.96386
14.71568
2.038802
2.573259
15.306659
28.571987
42.088982
55.76691
69.545252
83.378596
82.768565
68.935822
55.159136
41.483759
27.970573
14.713579
2.027058
2.499301
15.23661
28.509119
42.032756
55.716826
69.500829
83.338195
82.797607
68.960424
55.177537
41.495191
27.9741
14.707946
2.011641
2.424378
15.165922
28.446029
41.976634
55.667071
69.456752
83.296863
82.82266
68.982232
55.19314
41.503636
27.974367
14.698725
1.992515
2.348575
15.094661
28.382769
41.920656
55.61766
69.412984
83.254355
82.843313
69.001074
55.205829
41.509004
27.971303
14.685861
1.969651
2.271975
15.022894
28.319393
41.864857
55.568601
69.369484
83.210421
82.859143
69.016781
55.215488
41.511206
27.96484
14.669301
1.943023
2.194663
14.950684
28.25595
41.809268
55.5199
69.326203
83.1648
82.869725
69.029177
55.221999
41.510155
27.954909
14.648993
1.912607
2.11672
14.878094
28.192489
41.753918
55.471557
69.28309
83.117225
82.874629
69.038091
55.225248
41.505765
27.941445
14.624892
1.878387
2.038228
14.805185
28.129055
41.698834
55.423571
69.240084
83.067424
82.87343
69.043347
55.22512
41.497952
27.924386
14.59695
1.84035
1.959267
14.732015
28.06569
41.644039
55.375935
69.197123
83.015121
82.865707
69.044771
55.221501
41.486633
27.90367
14.565125
1.798487
1.879917
14.658641
28.002436
41.589552
55.328637
69.154138
82.960036
82.851049
69.042192
55.214279
41.471728
27.879239
14.529376
1.752795
1.800255
14.585118
27.939331
41.535389
55.281666
69.111055
82.901891
82.829061
69.035435
55.203345
41.453158
27.851036
14.489667
1.703276
1.720358
14.511499
27.876409
41.481566
55.235001
69.067795
82.840407
82.799367
69.024333
55.18859
41.430847
27.819009
14.445963
1.649938
1.640301
14.437836
27.813705
41.428092
55.188622
69.024275
82.775307
82.761613
69.008717
55.169908
41.404723
27.783107
14.398231
1.592796
1.560158
14.364177
27.751248
41.374976
55.142503
68.980407
82.706319
82.715473
68.988422
55.147196
41.374714
27.743281
14.346444
1.531868
1.480002
14.290569
27.689066
41.32222
55.096616
68.9361
82.633177
82.660651
68.963288
55.120353
41.340753
27.699487
14.290574
1.467182
1.399901
14.217056
27.627185
41.269828
55.050928
68.891256
82.555621
82.596886
68.933158
55.089282
41.302774
27.651683
14.230601
1.398772
1.319924
14.143682
27.565627
41.217798
55.005403
68.845777
82.473402
82.523952
68.89788
55.053888
41.260715
27.599829
14.166504
1.326677
1.240138
14.070486
27.504413
41.166124
54.960001
68.799559
82.386281
82.441662
68.857307
55.014081
41.214518
27.543891
14.098267
1.250947
1.160606
13.997505
27.443559
41.1148
54.914681
68.752493
82.294031
82.349868
68.811299
54.969774
41.164128
27.483836
14.025877
1.171638
1.081391
13.924776
27.38308
41.063815
54.869396
68.704471
82.196438
82.248459
68.759721
54.920883
41.109493
27.419635
13.949324
1.088817
1.002553
13.852332
27.322988
41.013155
54.824097
68.655379
82.093303
82.137367
68.702445
54.86733
41.050564
27.351261
13.868603
1.002557
0.924148
13.780203
27.263293
40.962805
54.778733
68.6051
81.984443
82.016558
68.639352
54.809041
40.987297
27.278694
13.78371
0.912944
0.846232
13.708418
27.204001
40.912746
54.733248
68.553517
81.869691
81.886038
68.570329
54.745946
40.919652
27.201914
13.694646
0.820072
0.768856
13.637002
27.145116
40.862954
54.687584
68.500508
81.748897
81.745844
68.495272
54.67798
40.847591
27.120907
13.601415
0.724046
0.692072
13.56598
27.08664
40.813407
54.641681
68.445951
81.621928
81.596047
68.414086
54.605083
40.771083
27.035661
13.504024
0.624984
0.615927
13.495372
27.028572
40.764076
54.595476
68.389723
81.488671
81.436745
68.326685
54.527201
40.690099
26.946168
13.402484
0.523015
0.540464
13.425198
26.970908
40.714932
54.548903
68.331697
81.349028
81.268064
68.232991
54.444284
40.604615
26.852425
13.296809
0.418281
0.465727
13.355474
26.913643
40.665942
54.501894
68.271748
81.202919
81.090152
68.132936
54.356288
40.514609
26.75443
13.187019
0.310938
0.391754
13.286212
26.856766
40.617072
54.454378
68.209748
81.050284
80.903174
68.026463
54.263175
40.420068
26.652189
13.073133
0.201155
0.318582
13.217426
26.800268
40.568284
54.406284
68.145571
80.891078
80.707316
67.913525
54.164912
40.320979
26.545707
12.955176
0.089118
0.246245
13.149124
26.744135
40.519539
54.357536
68.079089
80.725272
80.502774
67.794081
54.061471
40.217336
26.434997
12.833178
0.174774
13.081313
26.68835
40.470795
54.308059
68.010175
80.552853
80.289759
67.668106
53.952832
40.109135
26.320072
12.707171
0.104198
13.013997
26.632896
40.422008
54.257775
67.938705
80.373825
80.068486
67.53558
53.83898
39.99638
26.200952
12.577188
0.034543
12.947178
26.577753
40.373132
54.206605
67.864551
80.188204
79.839181
67.396496
53.719904
39.879075
26.077659
12.44327
12.880856
26.522897
40.324119
54.154468
67.787592
79.996019
79.602072
67.250856
53.595602
39.757232
25.950219
12.305458
12.815028
26.468303
40.274919
54.101283
67.707706
79.797314
79.357389
67.098671
53.466075
39.630866
25.818663
12.163799
12.74969
26.413946
40.22548
54.046965
67.624773
79.592143
79.105364
66.939963
53.331332
39.499997
25.683022
12.01834
12.684835
26.359796
40.17575
53.991433
67.538677
79.380568
78.846231
66.774762
53.191387
39.364648
25.543336
11.869134
12.620454
26.305821
40.125674
53.934602
67.449303
79.162665
78.580219
66.603109
53.04626
39.224849
25.399644
11.716238
12.556534
26.25199
40.075195
53.876386
67.35654
78.938517
78.307558
66.425052
52.895977
39.080631
25.251992
11.559709
12.493064
26.198268
40.024255
53.816702
67.260282
78.708213
78.028474
66.240649
52.740569
38.932033
25.100427
11.39961
12.430027
26.144619
39.972796
53.755463
67.160425
78.471852
77.74319
66.049966
52.580073
38.779095
24.945001
11.236006
12.367406
26.091004
39.920759
53.692586
67.05687
78.229536
77.451926
65.853077
52.414533
38.621862
24.785768
11.068966
12.305183
26.037384
39.868081
53.627984
66.949522
77.981377
77.154896
65.650062
52.243995
38.460385
24.622787
10.89856
12.243335
25.983719
39.814702
53.561575
66.838291
77.727487
76.852312
65.441011
52.068515
38.294717
24.45612
10.724864
12.18184
25.929965
39.760559
53.493274
66.723092
77.467985
76.544381
65.22602
51.88815
38.124916
24.285831
10.547954
12.120674
25.87608
39.705589
53.422999
66.603846
77.202994
76.231306
65.005189
51.702964
37.951042
24.111989
10.367912
12.05981
25.822018
39.649728
53.350668
66.480477
76.932638
75.913285
64.778628
51.513026
37.773162
23.934664
10.18482
11.99922
25.767734
39.592913
53.276201
66.352919
76.657045
75.590511
64.546451
51.31841
37.591345
23.753931
9.998764
11.938875
25.71318
39.535078
53.199517
66.221107
76.376347
75.263175
64.308775
51.119193
37.405663
23.569868
9.809835
11.878743
25.658308
39.47616
53.120541
66.084986
76.090673
74.931462
64.065727
50.915458
37.216192
23.382553
9.618122
11.818793
25.603069
39.416095
53.039195
65.944504
75.800159
74.595554
63.817433
50.707293
37.023012
23.192071
9.423722
11.758989
25.547415
39.354818
52.955406
65.799619
75.504938
74.255628
63.564028
50.494788
36.826207
22.998507
9.22673
11.699298
25.491293
39.292266
52.869103
65.650291
75.205147
73.911861
63.305648
50.278039
36.625862
22.801949
9.027247
11.639683
25.434654
39.228374
52.780215
65.496491
74.900921
73.564421
63.042434
50.057145
36.422066
22.602487
8.825376
11.580107
25.377446
39.16308
52.688676
65.338193
74.592398
73.213477
62.774529
49.832209
36.214914
22.400217
8.62122
11.52053
25.319617
39.096322
52.594421
65.175378
74.279715
72.859193
62.502079
49.603337
36.004499
22.195233
8.414888
11.460914
25.261115
39.028037
52.497388
65.008037
73.963008
72.501731
62.225234
49.370638
35.79092
21.987633
8.20649
11.401218
25.201888
38.958164
52.397518
64.836163
73.642416
72.14125
61.944146
49.134226
35.574278
21.777519
7.996138
11.3414
25.141882
38.886645
52.294755
64.659758
73.318076
71.777905
61.658967
48.894217
35.354677
21.564992
7.783947
11.281418
25.081046
38.813419
52.189047
64.47883
72.990125
71.411851
61.369853
48.65073
35.132224
21.350159
7.570035
11.221229
25.019326
38.73843
52.080344
64.293394
72.6587
71.043239
61.076961
48.403885
34.907026
21.133125
7.354521
11.16079
24.95667
38.661621
51.968598
64.103469
72.323939
70.672219
60.78045
48.153808
34.679195
20.914
7.137529
11.100056
24.893027
38.582936
51.853769
63.909084
71.985976
70.298938
60.480478
47.900625
34.448845
20.692894
6.919182
11.038982
24.828344
38.502324
51.735817
63.710271
71.64495
69.923541
60.177207
47.644465
34.21609
20.46992
6.699607
10.977524
24.762569
38.419731
51.614705
63.507068
71.300995
69.546172
59.870797
47.385459
33.981049
20.245193
6.478935
10.915635
24.695651
38.335108
51.490403
63.299521
70.954247
69.166975
59.561411
47.12374
33.74384
20.018828
6.257297
10.85327
24.62754
38.248407
51.362882
63.08768
70.604841
68.786089
59.24921
46.859443
33.504586
19.790944
6.034829
10.790382
24.558186
38.159581
51.232119
62.871601
70.252911
68.403654
58.934359
46.592706
33.263409
19.561658
5.811666
10.726925
24.48754
38.068586
51.098094
62.651344
69.898592
68.019809
58.617018
46.323666
33.020434
19.331093
5.587949
10.662853
24.415554
37.97538
50.960789
62.426977
69.542017
67.63469
58.297353
46.052464
32.775787
19.09937
5.363822
10.598119
24.342179
37.879922
50.820195
62.198569
69.18332
67.248434
57.975526
45.77924
32.529598
18.866612
5.138962
10.532677
24.26737
37.782175
50.676301
61.966198
68.822633
66.861176
57.6517
45.504138
32.281994
18.632944
4.914608
10.46648
24.19108
37.682103
50.529106
61.729944
68.46009
66.47305
57.326039
45.227301
32.033107
18.398491
4.690439
10.399482
24.113267
37.579673
50.378609
61.489891
68.095822
66.08419
56.998705
44.948875
31.783068
18.16338
4.466573
10.331637
24.033885
37.474856
50.224815
61.246128
67.729962
65.694728
56.66986
44.669004
31.53201
17.92774
4.243139
10.262901
23.952895
37.367622
50.067733
60.99875
67.362641
65.304796
56.339667
44.387836
31.280069
17.691698
4.020278
10.193227
23.870255
37.257946
49.907375
60.747851
66.99399
64.914525
56.008288
44.105519
31.027378
17.455384
3.798147
10.122572
23.785927
37.145807
49.743759
60.493534
66.62414
64.524047
55.675884
43.8222
30.774074
17.218928
3.576912
10.050891
23.699872
37.031183
49.576906
60.235901
66.253222
64.133492
55.342615
43.538028
30.520294
16.982462
3.356753
9.978142
23.612056
36.914059
49.406841
59.975059
65.881365
63.742989
55.008643
43.253152
30.266174
16.746117
3.137863
9.904281
23.522444
36.79442
49.233594
59.71112
65.508701
63.352668
54.674126
42.967722
30.011854
16.510025
2.920442
9.829267
23.431004
36.672254
49.057199
59.444195
65.135359
62.962658
54.339224
42.681888
29.757472
16.274318
2.704701
9.753059
23.337705
36.547555
48.877692
59.174401
64.761469
62.573087
54.004095
42.395799
29.503166
16.039129
2.490863
9.675618
23.242519
36.420315
48.695117
58.901856
64.387159
62.184084
53.668897
42.109607
29.249077
15.804591
2.279153
9.596905
23.14542
36.290535
48.509518
58.626679
64.01256
61.795776
53.333786
41.823461
28.995343
15.570837
2.069808
9.516882
23.046382
36.158214
48.320944
58.348995
63.637801
61.408292
52.99892
41.537512
28.742106
15.338002
1.863065
9.435514
22.945384
36.023357
48.12945
58.068928
63.263009
61.021757
52.664452
41.25191
28.489504
15.106216
1.659168
9.352766
22.842406
35.885972
47.935092
57.786606
62.888314
60.6363
52.330539
40.966804
28.237678
14.875615
1.45836
9.268604
22.73743
35.746069
47.737932
57.502155
62.513844
60.252046
51.997332
40.682344
27.986768
14.64633
1.260888
9.182996
22.63044
35.603662
47.538034
57.215708
62.139728
59.869123
51.664987
40.39868
27.736913
14.418493
1.066995
9.095913
22.521423
35.458769
47.335465
56.927396
61.766093
59.487655
51.333653
40.11596
27.488251
14.192238
0.876921
9.007326
22.41037
35.31141
47.130298
56.637352
61.393068
59.107769
51.003482
39.834333
27.240924
13.967695
0.690901
8.917208
22.297272
35.161609
46.922609
56.345711
61.020779
58.72959
50.674624
39.553945
26.995067
13.744994
0.509166
8.825536
22.182124
35.009394
46.712474
56.052608
60.649356
58.353243
50.347228
39.274945
26.75082
13.524266
0.331935
8.732286
22.064924
34.854795
46.499977
55.758181
60.278925
57.978853
50.021441
38.997477
26.508319
13.30564
0.15942
8.637437
21.945671
34.697846
46.285202
55.462568
59.909613
57.606544
49.697411
38.721687
26.2677
13.089243
8.540973
21.82437
34.538586
46.068237
55.165906
59.541547
57.23644
49.375282
38.44772
26.029099
12.875202
8.442875
21.701025
34.377053
45.849174
54.868337
59.174855
56.868664
49.055199
38.175718
25.792649
12.663644
8.343132
21.575647
34.213294
45.628106
54.57
58.809661
56.503339
48.737305
37.905824
25.558485
12.45469
8.241731
21.448246
34.047354
45.405131
54.271035
58.446094
56.140588
48.421742
37.638178
25.326737
12.248465
8.138665
21.318838
33.879286
45.180349
53.971586
58.084277
55.780533
48.10865
37.37292
25.097535
12.045089
8.033926
21.187441
33.709143
44.953861
53.671792
57.724339
55.423296
47.798169
37.110188
24.87101
11.844681
7.927512
21.054075
33.536982
44.725773
53.371798
57.366402
55.068996
47.490435
36.850118
24.647288
11.647359
7.819422
20.918765
33.362866
44.496193
53.071744
57.010593
54.717755
47.185586
36.592845
24.426496
11.453236
7.709658
20.781538
33.186856
44.265229
52.771775
56.657037
54.369692
46.883756
36.338504
24.208756
11.262428
7.598227
20.642425
33.009021
44.032996
52.472034
56.305856
54.024926
46.585078
36.087224
23.994191
11.075043
7.485135
20.50146
32.829432
43.799606
52.172662
55.957176
53.683575
46.289684
35.839137
23.782921
10.891191
7.370395
20.358679
32.648161
43.565176
51.873804
55.611118
53.345756
45.997703
35.59437
23.575064
10.710977
7.25402
20.214123
32.465285
43.329825
51.575603
55.267807
53.011586
45.709264
35.353049
23.370736
10.534504
7.136028
20.067836
32.280884
43.093673
51.278201
54.927365
52.681181
45.424493
35.115298
23.17005
10.361873
7.016441
19.919863
32.09504
42.856843
50.981742
54.589912
52.354655
45.143515
34.881238
22.973117
10.193181
6.895282
19.770254
31.907838
42.619457
50.686369
54.255571
52.032122
44.866452
34.65099
22.780046
10.028523
6.772578
19.619064
31.719368
42.381643
50.392222
53.924461
51.713695
44.593425
34.424669
22.590943
9.86799
6.648361
19.466347
31.52972
42.143525
50.099446
53.596703
51.399485
44.324553
34.202392
22.40591
9.711671
6.522663
19.312165
31.338987
41.905234
49.808181
53.272416
51.089603
44.059954
33.98427
22.225049
9.55965
6.395524
19.156578
31.147267
41.666897
49.518569
52.951717
50.784158
43.79974
33.770413
22.048457
9.412009
6.266984
18.999653
30.954657
41.428647
49.230749
52.634725
50.483258
43.544026
33.560929
21.876228
9.268827
6.137086
18.841458
30.76126
41.190615
48.944864
52.321555
50.18701
43.292922
33.355922
21.708456
9.130177
6.00588
18.682065
30.567178
40.952933
48.661051
52.012325
49.895521
43.046536
33.155494
21.545227
8.996132
5.873415
18.52155
30.372518
40.715735
48.37945
51.707148
49.608893
42.804974
32.959744
21.386628
8.866759
5.739747
18.359989
30.177388
40.479156
48.100198
51.406139
49.32723
42.56834
32.768768
21.232742
8.742121
5.604934
18.197462
29.981897
40.24333
47.823434
51.10941
49.050634
42.336736
32.582661
21.083646
8.622279
5.469037
18.034054
29.786158
40.008394
47.549293
50.817074
48.779203
42.11026
32.401513
20.939418
8.507288
5.332122
17.86985
29.590285
39.774481
47.27791
50.52924
48.513036
41.889009
32.22541
20.800128
8.397201
5.194257
17.704937
29.394393
39.54173
47.009421
50.246019
48.252231
41.673077
32.054439
20.665847
8.292067
5.055081
17.539408
29.198598
39.310277
46.743959
49.967518
47.996882
41.462556
31.88868
20.536639
8.19193
4.915648
17.373355
29.003021
39.080257
46.481655
49.693845
47.747081
41.257536
31.728211
20.412568
8.096832
4.775548
17.206874
28.80778
38.851808
46.222642
49.425105
47.502923
41.058103
31.573109
20.29369
8.006808
4.634853
17.040063
28.612997
38.625065
45.967048
49.161402
47.264494
40.86434
31.423446
20.180061
7.921893
4.49364
16.873022
28.418795
38.400165
45.715003
48.902841
47.031885
40.676331
31.279289
20.071733
7.842114
4.351988
16.705852
28.225296
38.177244
45.466634
48.649521
46.805181
40.494152
31.140706
19.968753
7.767499
4.209984
16.538658
28.032624
37.956436
45.222066
48.401543
46.584466
40.317881
31.007758
19.871166
7.698068
4.067716
16.371545
27.840905
37.737877
44.981424
48.159005
46.369823
40.147591
30.880506
19.779011
7.633838
3.925277
16.20462
27.650264
37.521701
44.744831
47.922003
46.161332
39.983352
30.759004
19.692326
7.574824
3.782765
16.037992
27.460827
37.30804
44.512406
47.690634
45.959071
39.825233
30.643306
19.611143
7.521037
3.640281
15.87177
27.272719
37.097027
44.284271
47.46499
45.763116
39.673299
30.533461
19.535494
7.472482
3.49793
15.706067
27.086069
36.888794
44.060543
47.245162
45.573542
39.527612
30.429515
19.465403
7.429162
3.355821
15.540995
26.901001
36.68347
43.841337
47.03124
45.39042
39.388231
30.331511
19.400892
7.391077
3.214066
15.376667
26.717643
36.481185
43.626767
46.823312
45.213819
39.255213
30.239489
19.341982
7.358223
3.072779
15.213197
26.53612
36.282067
43.416946
46.621464
45.043808
39.128613
30.153484
19.288685
7.330591
2.93208
15.0507
26.356559
36.086241
43.211983
46.425778
44.880451
39.00848
30.073529
19.241016
7.308171
2.792088
14.889292
26.179085
35.893833
43.011985
46.236338
44.72381
38.894862
29.999653
19.19898
7.290947
2.652926
14.729089
26.003823
35.704965
42.81706
46.053222
44.573947
38.787806
29.931883
19.162583
7.278903
2.514719
14.570207
25.830896
35.519758
42.627309
45.876507
44.43092
38.687352
29.870241
19.131825
7.272016
2.377592
14.412762
25.660428
35.338333
42.442834
45.706269
44.294782
38.593539
29.814746
19.106704
7.270263
2.241673
14.256872
25.492542
35.160808
42.263735
45.54258
44.165588
38.506404
29.765414
19.087213
7.273614
2.107087
14.102652
25.327359
34.987296
42.090106
45.385511
44.043387
38.42598
29.722257
19.073343
7.282041
1.973963
13.950219
25.164997
34.817913
41.922042
45.235129
43.928228
38.352296
29.685285
19.065081
7.295508
1.842427
13.799688
25.005577
34.652769
41.759635
45.0915
43.820155
38.285379
29.654504
19.06241
7.313979
1.712605
13.651175
24.849215
34.491973
41.602972
44.954687
43.71921
38.225254
29.629914
19.06531
7.337414
1.584621
13.504795
24.696026
34.335632
41.452139
44.82475
43.625434
38.171939
29.611517
19.073758
7.365769
1.458597
13.360661
24.546126
34.183849
41.307221
44.701746
43.538863
38.125453
29.599306
19.087727
7.399
1.334653
13.218887
24.399624
34.036727
41.168296
44.585732
43.459531
38.08581
29.593275
19.107188
7.437057
1.212905
13.079584
24.256633
33.894365
41.035443
44.476758
43.387469
38.05302
29.593412
19.132106
7.479888
1.093468
12.942865
24.117259
33.756858
40.908736
44.374875
43.322705
38.027093
29.599702
19.162446
7.52744
0.97645
12.808837
23.98161
33.624301
40.788247
44.280129
43.265265
38.008031
29.612127
19.198168
7.579655
0.861956
12.677612
23.849789
33.496783
40.674044
44.192564
43.215171
37.995837
29.630666
19.239228
7.636473
0.750086
12.549294
23.721898
33.374393
40.566193
44.112221
43.172443
37.990508
29.655295
19.28558
7.697833
0.640935
12.423991
23.598037
33.257215
40.464756
44.039137
43.137096
37.99204
29.685985
19.337176
7.763668
0.534593
12.301805
23.478301
33.145331
40.369792
43.973347
43.109145
38.000423
29.722704
19.393962
7.833911
0.431144
12.18284
23.362786
33.03882
40.281358
43.914884
43.088598
38.015646
29.765418
19.455884
7.908493
0.330664
12.067195
23.251584
32.937758
40.199507
43.863776
43.075465
38.037693
29.814089
19.522882
7.987339
0.233225
11.95497
23.144783
32.842217
40.124287
43.820049
43.069747
38.066546
29.868675
19.594895
8.070375
0.138891
11.84626
23.042471
32.752265
40.055746
43.783725
43.071447
38.102183
29.929131
19.671859
8.157523
0.047722
11.741162
22.944731
32.66797
39.993926
43.754825
43.080562
38.14458
29.99541
19.753706
8.248704
11.639766
22.851643
32.589394
39.938867
43.733363
43.097086
38.193706
30.067459
19.840365
8.343835
11.542163
22.763287
32.516596
39.890605
43.719355
43.121012
38.24953
30.145223
19.931764
8.442831
11.448442
22.679736
32.449632
39.849174
43.712809
43.152326
38.312018
30.228646
20.027826
8.545606
11.358687
22.601064
32.388555
39.814603
43.713733
43.191014
38.381129
30.317666
20.128472
8.652071
11.272983
22.527339
32.333414
39.786918
43.72213
43.237059
38.456824
30.412218
20.233622
8.762134
11.19141
22.458627
32.284256
39.766142
43.738002
43.290438
38.539055
30.512234
20.34319
8.875704
11.114047
22.394992
32.241122
39.752295
43.761344
43.351127
38.627775
30.617644
20.45709
8.992684
11.040968
22.336492
32.204051
39.745392
43.792152
43.419099
38.722931
30.728374
20.575233
9.112979
10.972247
22.283185
32.173079
39.745447
43.830417
43.494322
38.824469
30.844347
20.697527
9.236489
10.907955
22.235124
32.148239
39.752468
43.876127
43.576764
38.93233
30.965484
20.823877
9.363114
10.84816
22.19236
32.129558
39.766463
43.929266
43.666386
39.046452
31.0917
20.954187
9.492753