120.596635
128.699259
139.426949
153.619988
171.312678
190.49774
207.909843
221.752991
232.196943
240.101948
120.465809
128.553987
139.263889
153.444076
171.146225
190.373179
207.840423
221.728319
232.201916
240.126501
120.329004
128.403192
139.096073
153.264972
170.979363
190.251661
207.776652
221.710489
232.214067
240.158297
120.186304
128.246961
138.923588
153.082756
170.812173
190.133282
207.718633
221.699583
232.233444
240.197357
120.037795
128.085382
138.746517
152.897506
170.644734
190.018141
207.666467
221.69568
232.260095
240.243698
119.883565
127.918543
138.564947
152.709299
170.477123
189.906336
207.620257
221.698858
232.294065
240.297337
119.7237
127.746534
138.378962
152.51821
170.309419
189.797966
207.580108
221.709194
232.335396
240.358284
119.558293
127.569443
138.188644
152.324313
170.141698
189.69313
207.546123
221.726765
232.384127
240.426548
119.387433
127.38736
137.994075
152.127679
169.974036
189.59193
207.518407
221.751645
232.440295
240.502134
119.211213
127.200373
137.795337
151.928379
169.806506
189.494464
207.497063
221.783907
232.503936
240.585044
119.029727
127.008572
137.59251
151.726481
169.639182
189.400835
207.482197
221.823622
232.575079
240.675277
118.84307
126.812046
137.385673
151.522051
169.472136
189.311143
207.473913
221.870863
232.653755
240.772827
118.651335
126.610883
137.174902
151.315154
169.305438
189.225491
207.472317
221.925696
232.739989
240.877688
118.454619
126.405172
136.960274
151.105852
169.139158
189.143982
207.477515
221.988189
232.833804
240.989849
118.253019
126.195
136.741863
150.894205
168.973363
189.066718
207.489611
222.058407
232.935222
241.109294
118.046632
125.980456
136.519743
150.680272
168.808119
188.993803
207.508712
222.136414
233.044258
241.236007
117.835553
125.761626
136.293984
150.464106
168.643492
188.925341
207.534924
222.222272
233.160927
241.369966
247.759649
117.619882
125.538595
136.064655
150.245761
168.479544
188.861436
207.568351
222.31604
233.285239
241.511148
247.914486
117.399716
125.311448
135.831826
150.025288
168.316336
188.802193
207.609101
222.417775
233.417204
241.659523
248.07623
117.175151
125.080271
135.59556
149.802734
168.153929
188.747717
207.657277
222.527532
233.556825
241.815063
248.244827
116.946286
124.845145
135.355922
149.578144
167.992379
188.698114
207.712987
222.645365
233.704103
241.977732
248.420218
116.713217
124.606153
135.112973
149.35156
167.831742
188.653491
207.776335
222.771324
233.859037
242.147492
248.602341
116.476042
124.363375
134.866772
149.12302
167.672071
188.613953
207.847426
222.905457
234.02162
242.324303
248.791132
116.234856
124.116891
134.617375
148.892561
167.513418
188.579608
207.926364
223.047809
234.191844
242.508121
248.986525
115.989756
123.866777
134.364839
148.660215
167.355832
188.550563
208.013254
223.198422
234.369695
242.698897
249.188448
115.740836
123.613111
134.109214
148.426011
167.199359
188.526927
208.1082
223.357336
234.555158
242.896581
249.396831
115.48819
123.355968
133.850549
148.189974
167.044044
188.508807
208.211304
223.524588
234.748212
243.101119
249.611596
115.231912
123.095419
133.588893
147.952129
166.889928
188.496312
208.322668
223.700211
234.948833
243.312453
249.832667
114.972094
122.831538
133.324288
147.712492
166.737051
188.489553
208.442396
223.884236
235.156994
243.530521
250.059963
114.708827
122.564392
133.056776
147.471079
166.585448
188.488637
208.570587
224.076689
235.372663
243.75526
250.2934
114.442201
122.294049
132.786396
147.2279
166.435154
188.493677
208.707341
224.277593
235.595805
243.986603
250.532894
114.172305
122.020576
132.513184
146.982964
166.286199
188.504783
208.852758
224.486968
235.826381
244.224477
250.778355
113.899226
121.744036
132.237172
146.736273
166.13861
188.522067
209.006935
224.70483
236.064346
244.46881
251.029693
113.62305
121.464491
131.95839
146.487827
165.992414
188.54564
209.169969
224.931192
236.309655
244.719524
251.286816
113.343863
121.181999
131.676865
146.23762
165.847631
188.575616
209.341955
225.166061
236.562255
244.976538
251.549628
113.061746
120.89662
131.392621
145.985642
165.704279
188.612109
209.522987
225.409441
236.822091
245.23977
251.818031
112.776781
120.608407
131.105679
145.731881
165.562374
188.655232
209.713158
225.661332
237.089102
245.509132
252.091927
112.489047
120.317416
130.816057
145.476318
165.421928
188.705102
209.912558
225.921729
237.363227
245.784535
252.371213
112.198624
120.023695
130.523769
145.21893
165.282949
188.761835
210.121276
226.190623
237.644396
246.065885
252.655786
111.905587
119.727296
130.228827
144.95969
165.145441
188.825548
210.3394
226.468001
237.932538
246.353088
252.945539
105.372149
111.61001
119.428264
129.93124
144.698567
165.009406
188.89636
210.567014
226.753843
238.227576
246.646045
253.240366
105.070966
111.311967
119.126644
129.631014
144.435523
164.874842
188.97439
210.804202
227.048127
238.52943
246.944653
253.540157
104.767463
111.011529
118.82248
129.32815
144.170518
164.741741
189.05976
211.051045
227.350824
238.838017
247.24881
253.844799
104.461733
110.708764
118.515811
129.022649
143.903505
164.610093
189.152592
211.30762
227.661902
239.153247
247.558408
254.154181
104.153869
110.40374
118.206675
128.714507
143.634433
164.479886
189.25301
211.574004
227.981321
239.475027
247.873338
254.468188
103.843959
110.096523
117.89511
128.403719
143.363247
164.351099
189.36114
211.850269
228.309039
239.803262
248.193486
254.786702
103.532093
109.787176
117.58115
128.090274
143.089886
164.223712
189.477109
212.136485
228.645005
240.137851
248.51874
255.109608
103.218357
109.475762
117.264828
127.774161
142.814284
164.097697
189.601048
212.43272
228.989167
240.478689
248.848982
255.436784
102.902835
109.16234
116.946173
127.455366
142.53637
163.973024
189.733086
212.739038
229.341464
240.825667
249.184092
255.768112
102.585611
108.84697
116.625215
127.133871
142.256068
163.849657
189.873359
213.055498
229.701831
241.178674
249.523948
256.103468
102.266764
108.529709
116.301982
126.809655
141.973297
163.727558
190.022001
213.382157
230.070196
241.537594
249.868429
256.442731
101.946373
108.210611
115.976497
126.482698
141.687972
163.60668
190.179153
213.719069
230.446484
241.902307
250.217406
256.785776
101.624515
107.88973
115.648786
126.152974
141.4
163.486977
190.344954
214.066281
230.830612
242.272689
250.570753
257.132477
101.301265
107.567118
115.318871
125.820455
141.109286
163.368393
190.51955
214.423839
231.222492
242.648613
250.928341
257.482709
100.976697
107.242827
114.986772
125.485114
140.815729
163.250871
190.703088
214.791783
231.62203
243.02995
251.290037
257.836345
100.65088
106.916904
114.65251
125.146917
140.519222
163.134345
190.895717
215.170147
232.029126
243.416566
251.655709
258.193257
100.323886
106.589399
114.316102
124.805834
140.219652
163.018748
191.097593
215.558961
232.443675
243.808323
252.025222
258.553316
99.995781
106.260357
113.977567
124.461827
139.916904
162.904005
191.308871
215.958252
232.865565
244.205081
252.39844
258.916393
99.666631
105.929824
113.636921
124.114861
139.610855
162.790035
191.529714
216.368037
233.294679
244.606698
252.775226
259.282358
99.336501
105.597845
113.294179
123.764898
139.301379
162.676754
191.760288
216.788331
233.730893
245.013027
253.155441
259.651082
99.005453
105.264462
112.949357
123.411899
138.988343
162.564069
192.00076
217.21914
234.17408
245.423919
253.538946
260.022432
98.673548
104.929718
112.602468
123.055822
138.67161
162.451883
192.251305
217.660466
234.624102
245.839223
253.925598
260.396278
98.340847
104.593654
112.253527
122.696627
138.35104
162.340092
192.512101
218.112302
235.080821
246.258784
254.315257
260.772488
98.007406
104.256311
111.902548
122.334272
138.026484
162.228586
192.783331
218.574636
235.54409
246.682446
254.70778
261.150931
97.673283
103.917729
111.549543
121.968713
137.697791
162.117248
193.065183
219.047447
236.013756
247.110049
255.103022
261.531474
97.338534
103.577948
111.194526
121.599908
137.364805
162.005952
193.35785
219.530707
236.489661
247.541434
255.500841
261.913986
97.003213
103.237006
110.837512
121.227814
137.027365
161.894568
193.66153
220.024379
236.971643
247.976435
255.90109
262.298333
96.667374
102.894942
110.478513
120.852387
136.685306
161.782956
193.976426
220.528418
237.459533
248.414889
256.303626
262.684384
96.331067
102.551794
110.117544
120.473586
136.338458
161.670968
194.302749
221.042772
237.953155
248.856628
256.708301
263.072007
95.994346
102.207601
109.754621
120.091368
135.986647
161.558449
194.640712
221.567376
238.452332
249.301483
257.11497
263.461069
95.657259
101.862402
109.389758
119.705692
135.629695
161.445234
194.990536
222.102159
238.956877
249.749285
257.523486
263.851437
95.319857
101.516233
109.022973
119.316517
135.26742
161.33115
195.352449
222.647038
239.466603
250.199861
257.933704
264.242981
94.98219
101.169135
108.654284
118.923807
134.899636
161.216012
195.726682
223.20192
239.981313
250.653039
258.345476
264.635569
94.644304
100.821146
108.283709
118.527522
134.526156
161.099626
196.113474
223.766703
240.500808
251.108646
258.758656
265.029068
94.306249
100.472304
107.91127
118.12763
134.146786
160.981789
196.51307
224.341272
241.024885
251.566505
259.173098
265.423349
93.968071
100.122651
107.536987
117.724097
133.761333
160.862285
196.925722
224.925502
241.553336
252.026441
259.588655
265.818279
93.629818
99.772226
107.160886
117.316893
133.369599
160.740884
197.351685
225.519256
242.085947
252.488279
260.005181
266.213729
93.291537
99.421071
106.782993
116.905991
132.971384
160.617347
197.791224
226.122385
242.622503
252.951839
260.42253
266.609568
92.953275
99.069228
106.403334
116.491368
132.566488
160.49142
198.244606
226.734729
243.162782
253.416946
260.840556
267.005666
92.615079
98.71674
106.021941
116.073004
132.154708
160.362834
198.712107
227.356112
243.70656
253.883421
261.259115
267.401896
92.276995
98.363651
105.638847
115.650883
131.735841
160.231306
199.194007
227.986351
244.25361
254.351086
261.678061
267.798126
91.939071
98.010006
105.254087
115.224992
131.309685
160.096536
199.690591
228.625245
244.803702
254.819762
262.097251
268.194231
91.601354
97.655852
104.867699
114.795326
130.876036
159.958208
200.202149
229.272582
245.3566
255.289271
262.516541
268.59008
91.263891
97.301238
104.479724
114.361881
130.434693
159.815988
200.728976
229.928139
245.912069
255.759436
262.935787
268.985549
90.926731
96.946213
104.090208
113.924662
129.985456
159.66952
201.271372
230.591675
246.46987
256.230078
263.354847
269.380509
90.589922
96.590828
103.699197
113.483678
129.528128
159.518432
201.829637
231.26294
247.02976
256.70102
263.773579
269.774835
90.253514
96.235136
103.306743
113.038944
129.062515
159.362327
202.404078
231.941669
247.591498
257.172085
264.191843
270.168402
89.917556
95.879192
102.912901
112.590483
128.588428
159.200785
202.995
232.627584
248.154837
257.643096
264.609497
270.561084
89.582099
95.523053
102.517729
112.138323
128.105681
159.033363
203.602711
233.320393
248.719531
258.113877
265.026403
270.952758
89.247194
95.166776
102.121289
111.682501
127.614098
158.859589
204.22752
234.019791
249.285332
258.584253
265.442421
271.343301
88.912893
94.810423
101.723649
111.223062
127.113508
158.678965
204.869732
234.725461
249.851991
259.054049
265.857414
271.732588
88.579251
94.454056
101.324878
110.760056
126.603749
158.490961
205.529651
235.437074
250.419258
259.523094
266.271245
272.120499
88.24632
94.097741
100.925052
110.293546
126.08467
158.295017
206.207577
236.154287
250.986883
259.991213
266.683777
272.506911
87.914157
93.741544
100.52425
109.8236
125.55613
158.090537
206.903804
236.876745
251.554616
260.458235
267.094875
272.891704
87.582818
93.385535
100.122555
109.350297
125.018002
157.876888
207.618619
237.604083
252.122206
260.923991
267.504405
273.274759
87.252362
93.029787
99.720057
108.873726
124.470173
157.653399
208.352299
238.335924
252.689403
261.388311
267.912234
273.655956
86.922846
92.674372
99.316847
108.393983
123.912544
157.419356
209.105108
239.07188
253.255958
261.851028
268.31823
274.035176
86.594332
92.319369
98.913024
107.911178
123.345036
157.174002
209.877299
239.811553
253.821621
262.311975
268.722261
274.412302
86.266881
91.964856
98.50869
107.425428
122.767589
156.916532
210.669105
240.554537
254.386144
262.770987
269.124197
274.787217
85.940557
91.610916
98.103953
106.936862
122.180162
156.646088
211.480741
241.300415
254.949282
263.227902
269.523908
275.159806
85.615425
91.257633
97.698925
106.445619
121.582738
156.36176
212.312399
242.048764
255.510788
263.682555
269.921267
275.529952
85.291549
90.905094
97.293722
105.951852
120.975324
156.062579
213.164246
242.799151
256.070419
264.134788
270.316146
275.897541
84.969
90.553389
96.888468
105.45572
120.357954
155.747516
214.036417
243.55114
256.627933
264.584441
270.70842
276.26246
84.647844
90.20261
96.483289
104.957398
119.730689
155.415476
214.929017
244.304287
257.18309
265.031357
271.097963
276.624597
84.328154
89.852852
96.078317
104.457069
119.093623
155.065293
215.842113
245.058142
257.735653
265.47538
271.484652
276.983839
84.010002
89.504213
95.673689
103.95493
118.446878
154.695731
216.775731
245.812254
258.285386
265.916357
271.868364
277.340076
83.693462
89.156792
95.269545
103.451186
117.790611
154.305473
217.729851
246.566167
258.832056
266.354135
272.248977
277.693198
83.378609
88.810693
94.866033
102.946058
117.125015
153.893121
218.704406
247.319421
259.375434
266.788563
272.626372
278.043096
83.065522
88.466021
94.463303
102.439773
116.450319
153.457193
219.699274
248.071559
259.915292
267.219493
273.000428
278.389662
82.754277
88.122883
94.06151
101.932572
115.76679
152.996114
220.714274
248.822119
260.451405
267.646777
273.371028
278.732789
76.949804
82.444957
87.781389
93.660813
101.424708
115.074734
152.508217
221.749166
249.570641
260.983552
268.070271
273.738054
279.072372
76.658016
82.137643
87.441652
93.261378
100.916441
114.3745
151.991736
222.80364
250.316666
261.511515
268.489831
274.101392
279.408305
76.368534
81.832419
87.103786
92.863371
100.408043
113.666474
151.444808
223.877319
251.059738
262.035079
268.905315
274.460926
279.740484
76.081421
81.529369
86.767909
92.466965
99.899797
112.951089
150.865464
224.969748
251.799402
262.554032
269.316584
274.816543
280.068808
75.796742
81.228581
86.43414
92.072335
99.391994
112.228815
150.251635
226.080397
252.535208
263.068165
269.7235
275.168132
280.393174
75.514559
80.930141
86.102599
91.67966
98.884934
111.50017
149.601148
227.208655
253.266709
263.577273
270.125925
275.515581
280.713483
75.234939
80.634141
85.773409
91.289122
98.378927
110.76571
148.911729
228.353826
253.993463
264.081156
270.523727
275.858781
281.029635
74.957948
80.340669
85.446695
90.900907
97.874288
110.026034
148.181012
229.515128
254.715035
264.579613
270.916772
276.197624
281.341532
74.683656
80.049819
85.122584
90.515203
97.371342
109.281783
147.406539
230.691695
255.430995
265.072451
271.304929
276.532002
281.649078
74.412131
79.761684
84.801204
90.1322
96.870419
108.533636
146.58578
231.88257
256.14092
265.559479
271.68807
276.86181
281.952176
74.143443
79.476358
84.482683
89.752092
96.371855
107.78231
145.716141
233.086709
256.844393
266.040508
272.066067
277.186944
282.250735
73.877664
79.193936
84.167154
89.375073
95.875994
107.028559
144.79499
234.302984
257.541008
266.515354
272.438796
277.507301
282.54466
73.614866
78.914516
83.854746
89.001339
95.383179
106.273169
143.819684
235.530179
258.230363
266.983836
272.806131
277.822778
282.83386
73.355123
78.638194
83.545594
88.631088
94.893762
105.516959
142.787602
236.766998
258.912067
267.445776
273.167952
278.133276
283.118246
73.098509
78.365069
83.239831
88.26452
94.408094
104.760775
141.696189
238.012065
259.585738
267.901001
273.524139
278.438696
283.397728
72.8451
78.09524
82.93759
87.901832
93.92653
104.005485
140.543008
239.263934
260.251
268.349339
273.874573
278.73894
283.672222
72.594972
77.828807
82.639008
87.543225
93.449425
103.251984
139.325805
240.521087
260.907489
268.790622
274.219137
279.033912
283.94164
72.348201
77.565871
82.344218
87.188899
92.977135
102.501178
138.042582
241.781949
261.554849
269.224687
274.557717
279.323518
284.205899
72.104866
77.306531
82.053356
86.839053
92.510014
101.75399
136.691679
243.044888
262.192734
269.651371
274.890201
279.607664
284.464917
71.865045
77.050889
81.766558
86.493885
92.048416
101.011351
135.271875
244.308229
262.820805
270.070518
275.216476
279.886259
284.718614
71.628816
76.799046
81.483957
86.153593
91.592691
100.274197
133.78249
245.570256
263.438735
270.481971
275.536433
280.159213
284.966911
71.396261
76.551105
81.205689
85.818373
91.143188
99.543464
132.223496
246.829228
264.046204
270.885579
275.849965
280.426438
285.20973
71.167458
76.307166
80.931887
85.488421
90.70025
98.820086
130.595637
248.083384
264.642903
271.281192
276.156965
280.687846
285.446997
70.942489
76.06733
80.662684
85.163927
90.264215
98.104986
128.900538
249.330954
265.22853
271.668664
276.457329
280.943352
285.678638
70.721434
75.8317
80.398213
84.845084
89.835417
97.399078
127.140813
250.570167
265.802793
272.047851
276.750955
281.192873
285.90458
70.504374
75.600377
80.138605
84.532077
89.414182
96.703257
125.320153
251.799261
266.365407
272.418613
277.037742
281.436326
286.124756
70.291391
75.373459
79.883989
84.225093
89.000829
96.018399
123.443393
253.016492
266.916098
272.780811
277.317591
281.673632
286.339096
70.082565
75.151048
79.634494
83.924311
88.595671
95.345358
121.516537
254.220144
267.454596
273.134309
277.590405
281.904713
286.547534
69.877978
74.933243
79.390246
83.62991
88.19901
94.684958
119.546752
255.408532
267.980641
273.478975
277.856089
282.12949
286.750008
69.677712
74.720142
79.15137
83.342064
87.81114
94.037997
117.542307
256.580013
268.493981
273.814678
278.114548
282.347891
286.946455
69.481846
74.511842
78.917988
83.060943
87.432348
93.405236
115.512459
257.73299
268.994369
274.14129
278.365692
282.559841
287.136815
69.290463
74.308441
78.690222
82.786712
87.062906
92.787404
113.467293
258.86592
269.481566
274.458685
278.609431
282.76527
287.321031
69.103642
74.110032
78.468189
82.519533
86.70308
92.185193
111.417514
259.977314
269.955338
274.766739
278.845677
282.964109
287.499047
68.921463
73.916711
78.252006
82.259561
86.353123
91.599256
109.374203
261.065742
270.41546
275.065332
279.074343
283.156291
287.670811
68.744005
73.728569
78.041784
82.006948
86.013277
91.030205
107.348553
262.129836
270.86171
275.354345
279.295347
283.341751
287.83627
68.571346
73.545698
77.837636
81.761841
85.683775
90.478614
105.351592
263.168291
271.293871
275.633661
279.508606
283.520425
287.995377
293.266445
68.403566
73.368188
77.639668
81.524381
85.364835
89.945013
103.393928
264.179862
271.711733
275.903166
279.71404
283.692255
288.148086
293.407748
68.240741
73.196125
77.447985
81.294703
85.056666
89.429892
101.485509
265.163369
272.115089
276.162749
279.911572
283.85718
288.294352
293.542726
68.082946
73.029596
77.262688
81.072937
84.759462
88.9337
99.635429
266.11769
272.503738
276.4123
280.101126
284.015146
288.434133
293.671352
67.930257
72.868685
77.083876
80.859207
84.473409
88.456843
97.851778
267.041762
272.877481
276.651712
280.28263
284.166097
288.567391
293.793601
67.782748
72.713474
76.911643
80.653633
84.198679
87.99969
96.141543
267.934576
273.236125
276.88088
280.456011
284.309983
288.694089
293.909452
67.640492
72.564042
76.746081
80.456327
83.935432
87.562566
94.510565
268.795175
273.57948
277.099701
280.621201
284.446754
288.814192
294.018886
67.50356
72.420468
76.587277
80.267395
83.683816
87.145762
92.963535
269.622648
273.907359
277.308076
280.778135
284.576365
288.92767
294.121884
67.372022
72.282826
76.435317
80.08694
83.443968
86.749529
91.504038
270.416128
274.219578
277.505906
280.926748
284.69877
289.034493
294.218435
67.245946
72.151189
76.29028
79.915056
83.216014
86.374083
90.134621
271.174785
274.515956
277.693098
281.06698
284.813929
289.134636
294.308525
67.1254
72.025629
76.152244
79.751832
83.000067
86.019605
88.856891
271.897823
274.796317
277.869559
281.198772
284.921803
289.228073
294.392147
67.01045
71.906212
76.021282
79.597351
82.79623
85.686245
87.67162
272.58447
275.060484
278.035199
281.322068
285.022355
289.314785
294.469294
66.901158
71.793005
75.897463
79.451691
82.604595
85.37412
86.578862
273.233979
275.308287
278.189931
281.436816
285.115553
289.394754
294.539963
66.797587
71.686069
75.780853
79.314922
82.425242
85.08332
85.578066
273.845619
275.539555
278.333673
281.542965
285.201367
289.467963
294.604152
66.699798
71.585466
75.671514
79.18711
82.258242
84.813905
84.668187
274.418669
275.754123
278.466343
281.640469
285.279768
289.5344
294.661865
66.607847
71.491252
75.569502
79.068314
82.103656
84.565912
83.84779
274.952417
275.951826
278.587863
281.729284
285.350732
289.594055
294.713104
66.521793
71.403482
75.474872
78.958588
81.961534
84.339352
83.115141
275.44615
276.132503
278.698161
281.80937
285.414238
289.646921
294.757877
66.441688
71.322208
75.387674
78.857981
81.831918
84.134216
82.468288
275.899151
276.295997
278.797165
281.880688
285.470268
289.692994
294.796194
66.367585
71.247477
75.307953
78.766534
81.71484
83.950473
81.905132
276.310696
276.442154
278.884809
281.943206
285.518805
289.732273
294.828068
66.299535
71.179337
75.235753
78.684284
81.610322
83.788074
81.423488
276.680049
276.570821
278.961029
281.996894
285.559839
289.76476
294.853512
66.237584
71.117829
75.17111
78.611262
81.51838
83.646954
81.021132
277.006458
276.681853
279.025768
282.041724
285.59336
289.790459
294.872545
66.181779
71.062994
75.114058
78.547496
81.439021
83.527029
80.69584
277.28915
276.775106
279.078969
282.077673
285.619362
289.809377
294.885186
66.132162
71.014869
75.064629
78.493005
81.372243
83.428206
80.445424
277.527333
276.850441
279.120584
282.104724
285.637844
289.821524
294.891459
66.088775
70.973486
75.022849
78.447805
81.318037
83.350376
80.267751
277.720191
276.907725
279.150567
282.12286
285.648808
289.826916
294.891388
66.051657
70.938878
74.98874
78.411907
81.27639
83.29342
80.160763
277.86688
276.94683
279.168878
282.132071
285.652256
289.825567
294.885002
66.020843
70.911072
74.962321
78.385318
81.247277
83.257209
80.122491
277.966535
276.967633
279.17548
282.13235
285.648199
289.817497
294.872329
65.996367
70.890093
74.943607
78.368037
81.230672
83.241604
80.151059
278.018262
276.97002
279.170346
282.123695
285.636647
289.802729
294.853404
65.978261
70.875962
74.932609
78.360062
81.226538
83.24646
80.244692
278.021146
276.953883
279.15345
282.106107
285.617616
289.781288
294.82826
65.966553
70.868699
74.929336
78.361384
81.234837
83.271624
80.401717
277.97425
276.919122
279.124774
282.079593
285.591126
289.753202
294.796936
65.961269
70.868318
74.933792
78.371992
81.255521
83.316937
80.620559
277.87662
276.865647
279.084306
282.044165
285.557197
289.718502
294.759471
65.962433
70.874832
74.945977
78.391869
81.288541
83.382236
80.899737
277.727292
276.793375
279.032041
281.999838
285.515858
289.677223
294.715908
65.970067
70.888252
74.965888
78.420994
81.33384
83.467353
81.237861
277.525295
276.702237
278.967981
281.946632
285.467137
289.629401
294.66629
65.984189
70.908583
74.99352
78.459343
81.391359
83.572116
81.633626
277.269664
276.592175
278.892132
281.884573
285.41107
289.575077
294.610664
66.004814
70.93583
75.028862
78.506887
81.461032
83.69635
82.085797
276.959451
276.463142
278.804512
281.813692
285.347692
289.514294
294.54908
66.031956
70.969993
75.071901
78.563595
81.542792
83.839877
82.593208
276.593734
276.315107
278.705142
281.734024
285.277045
289.447096
294.481587
66.065627
71.01107
75.122623
78.629431
81.636566
84.002518
83.154747
276.171635
276.148051
278.594055
281.645611
285.199174
289.373534
294.408239
66.105833
71.059056
75.181006
78.704356
81.742278
84.18409
83.769345
275.69234
275.961973
278.471288
281.548497
285.114128
289.293657
294.32909
66.15258
71.113942
75.24703
78.788327
81.859849
84.38441
84.435966
275.155114
275.75689
278.33689
281.442734
285.021959
289.20752
294.244199
66.205872
71.175719
75.320668
78.8813
81.989196
84.603292
85.153595
274.55933
275.532835
278.190915
281.328379
284.922722
289.11518
294.153622
66.265709
71.244373
75.401893
78.983226
82.130235
84.840551
85.921225
273.904488
275.289861
278.03343
281.205494
284.816479
289.016696
294.057421
66.332087
71.319887
75.490673
79.094053
82.282876
85.095998
86.737844
273.190248
275.028043
277.864508
281.074145
284.703291
288.912129
293.955658
66.405003
71.402243
75.586974
79.213727
82.447029
85.369443
87.60242
272.41646
274.747478
277.684232
280.934406
284.583227
288.801545
293.848397
66.484448
71.491417
75.69076
79.342191
82.622601
85.660697
88.513893
271.58319
274.448283
277.492694
280.786355
284.456356
288.68501
293.735703
66.570412
71.587387
75.801991
79.479385
82.809495
85.969568
89.471159
270.690758
274.130604
277.289996
280.630075
284.322752
288.562593
293.617644
66.662883
71.690126
75.920626
79.625247
83.007614
86.295862
90.473055
269.739771
273.794608
277.076251
280.465655
284.182494
288.434365
293.494287
66.761844
71.799602
76.046619
79.779713
83.216857
86.639383
91.518354
268.731151
273.44049
276.851581
280.29319
284.035662
288.300401
293.365703
66.867279
71.915785
76.179924
79.942715
83.437122
86.999934
92.605744
267.666168
273.068474
276.616117
280.112779
283.882339
288.160776
293.231963
66.979167
72.03864
76.320491
80.114184
83.668303
87.377316
93.733827
266.546468
272.678809
276.37
279.924527
283.722615
288.015568
293.093138
67.097483
72.16813
76.468269
80.294049
83.910296
87.771327
94.901101
265.374093
272.271775
276.113384
279.728545
283.556579
287.864857
292.949302
67.222204
72.304214
76.623204
80.482236
84.162991
88.18176
96.105959
264.151499
271.847681
275.846429
279.524949
283.384325
287.708725
292.800529
67.3533
72.446852
76.78524
80.67867
84.426277
88.608407
97.346679
262.881563
271.406866
275.569309
279.313858
283.20595
287.547254
292.646894
67.490742
72.596
76.954318
80.883272
84.700043
89.051056
98.621419
261.567579
270.949699
275.282205
279.095398
283.021553
287.380531
292.488474
67.634495
72.75161
77.130377
81.095963
84.984174
89.50949
99.928218
260.213253
270.476581
274.985309
278.8697
282.831236
287.208642
292.325345
67.784525
72.913634
77.313356
81.316663
85.278554
89.983487
101.26499
258.822673
269.987942
274.678824
278.636898
282.635105
287.031675
292.157584
67.940794
73.082021
77.50319
81.545287
85.583065
90.472822
102.629535
257.40028
269.484243
274.362961
278.397133
282.433267
286.84972
291.985268
68.103262
73.256718
77.699813
81.78175
85.897586
90.977261
104.019536
255.950816
268.965974
274.037941
278.150548
282.225832
286.662867
291.808478
68.271884
73.43767
77.903155
82.025966
86.221996
91.496566
105.432572
254.479275
268.433655
273.703994
277.897292
282.012911
286.471209
291.62729
68.446618
73.62482
78.113148
82.277846
86.556171
92.030493
106.866125
252.990832
267.887835
273.361359
277.637517
281.794619
286.274838
291.441783
68.627415
73.818109
78.329719
82.5373
86.899984
92.578787
108.317595
251.490772
267.329089
273.010284
277.371378
281.571072
286.073848
291.252038
68.814226
74.017475
78.552795
82.804237
87.253307
93.14119
109.784314
249.984417
266.758019
272.651023
277.099037
281.342388
285.868334
291.058132
69.006999
74.222855
78.7823
83.078562
87.616008
93.717432
111.263564
248.477041
266.17525
272.283841
276.820655
281.108686
285.65839
290.860145
69.20568
74.434184
79.018157
83.36018
87.987956
94.307237
112.752592
246.973801
265.581431
271.909008
276.5364
280.870087
285.444114
290.658155
69.410213
74.651395
79.260287
83.648995
88.369014
94.910317
114.248635
245.479662
264.977231
271.526801
276.246441
280.626714
285.225601
290.452242
69.620539
74.874421
79.508611
83.944909
88.759045
95.526376
115.748938
243.999327
264.363337
271.137504
275.950948
280.378689
285.002948
290.242484
69.836597
75.103189
79.763047
84.247821
89.157909
96.155108
117.250775
242.537189
263.740454
270.741405
275.650097
280.126138
284.776252
290.028959
70.058327
75.337628
80.023511
84.55763
89.565461
96.796195
118.751469
241.097276
263.109299
270.3388
275.344064
279.869185
284.54561
289.811745
70.285661
75.577664
80.289918
84.874233
89.981556
97.449309
120.248412
239.683224
262.470599
269.929987
275.033027
279.607957
284.311118
289.590918
70.518536
75.823222
80.562182
85.197525
90.406045
98.114111
121.739087
238.298248
261.825092
269.515269
274.717166
279.34258
284.072873
289.366555
70.75688
76.074225
80.840216
85.5274
90.838776
98.79025
123.221079
236.945133
261.17352
269.094951
274.396661
279.07318
283.830973
289.138732
71.000625
76.330593
81.12393
85.863749
91.279594
99.477362
124.692095
235.626233
260.516626
268.669342
274.071694
278.799884
283.585512
288.907525
71.249698
76.592248
81.413235
86.206464
91.728341
100.175074
126.149979
234.343477
259.855155
268.238753
273.742448
278.52282
283.336588
288.673007
71.504024
76.859106
81.708037
86.555432
92.184855
100.882997
127.592714
233.098384
259.189847
267.803493
273.409106
278.242114
283.084295
288.435251
71.763528
77.131085
82.008244
86.910542
92.648972
101.600734
129.018441
231.89209
258.521437
267.363875
273.07185
277.957892
282.828728
288.194331
72.028132
77.4081
82.313762
87.271678
93.120522
102.327872
130.425455
230.725371
257.850649
266.920211
272.730864
277.67028
282.56998
72.297756
77.690066
82.624494
87.638724
93.599334
103.063989
131.812217
229.598672
257.178196
266.472811
272.386329
277.379403
282.308146
72.57232
77.976895
82.940344
88.011562
94.085232
103.80865
133.177349
228.512147
256.504777
266.021983
272.038426
277.085386
282.043316
72.851741
78.268499
83.261213
88.390073
94.578036
104.561408
134.519636
227.465681
255.831075
265.568034
271.687337
276.788351
281.775582
78.564787
83.587002
88.774134
95.077562
105.321807
135.838021
226.458934
255.15775
265.111267
271.333239
276.488422
281.505035
78.86567
83.91761
89.163624
95.583625
106.089377
137.131603
225.491364
254.485445
264.651983
270.97631
276.185719
281.231763
79.171053
84.252934
89.558415
96.096032
106.86364
138.399629
224.562264
253.814776
264.190476
270.616725
275.880363
280.955854
79.480846
84.592872
89.958382
96.614588
107.644109
139.641486
223.670785
253.146336
263.727037
270.254658
275.57247
280.677395
79.794951
84.937319
90.363397
97.139095
108.430286
140.856697
222.815968
252.480691
263.261952
269.890279
275.262159
280.39647
80.113275
85.286169
90.773327
97.669347
109.221666
142.044908
221.99676
251.818378
262.7955
269.523756
274.949544
280.113164
80.43572
85.639315
91.188041
98.205139
110.017736
143.205878
221.212042
251.159907
262.327953
269.155255
274.634739
279.827559
80.762188
85.99665
91.607405
98.746259
110.817979
144.339477
220.460643
250.505755
261.859578
268.784939
274.317853
279.539735
81.092581
86.358064
92.031282
99.292492
111.621868
145.445667
219.741359
249.856373
261.390633
268.412966
273.998998
279.249773
81.426799
86.723447
92.459534
99.843617
112.428877
146.524498
219.052966
249.212176
260.921368
268.039492
273.67828
278.95775
81.764741
87.092687
92.892021
100.399412
113.238471
147.5761
218.39423
248.573553
260.452027
267.664669
273.355804
278.663743
82.106305
87.465672
93.328601
100.959649
114.050117
148.600669
217.763922
247.940858
259.982844
267.288647
273.031673
278.367826
82.451388
87.842287
93.769131
101.524097
114.86328
149.598465
217.160822
247.314417
259.514044
266.911569
272.705989
278.070073
82.799888
88.222419
94.213463
102.092522
115.677424
150.569798
216.583727
246.694523
259.045845
266.533577
272.378848
277.770556
83.1517
88.60595
94.661451
102.664685
116.492014
151.515025
216.031458
246.081442
258.578453
266.154808
272.050348
277.469343
83.506717
88.992763
95.112945
103.240344
117.306519
152.434541
215.502863
245.475409
258.112069
265.775394
271.720582
277.166504
83.864835
89.382741
95.567793
103.819254
118.120411
153.328773
214.996821
244.87663
257.64688
265.395463
271.38964
276.862106
84.225946
89.775764
96.025842
104.401167
118.933166
154.198175
214.512245
244.285285
257.183067
265.015141
271.057613
276.556214
84.589943
90.17171
96.486936
104.98583
119.744268
155.04322
214.048083
243.701525
256.7208
264.634547
270.724586
276.248891
84.956716
90.570459
96.950918
105.572992
120.553207
155.864402
213.603319
243.125479
256.26024
264.253796
270.390644
275.940199
85.326157
90.971888
97.417629
106.162393
121.359479
156.662221
213.176976
242.557248
255.80154
263.873001
270.055867
275.6302
85.698155
91.375872
97.886908
106.753776
122.162594
157.437191
212.768114
241.996912
255.34484
263.492267
269.720335
275.318952
86.072599
91.782287
98.358593
107.346879
122.962069
158.189827
212.37583
241.444529
254.890274
263.111699
269.384125
275.006513
86.449377
92.191006
98.832519
107.941438
123.757433
158.920648
211.999258
240.900134
254.437967
262.731393
269.047311
274.692939
86.828378
92.601903
99.30852
108.53719
124.548228
159.630171
211.637571
240.363746
253.988033
262.351445
268.709964
274.378285
87.209488
93.014849
99.786429
109.133867
125.334008
160.318911
211.289974
239.835362
253.540578
261.971944
268.372155
274.062605
87.592593
93.429715
100.266075
109.731202
126.114341
160.987379
210.95571
239.314964
253.095701
261.592976
268.03395
273.74595
87.977578
93.846371
100.747289
110.328927
126.888809
161.636078
210.634055
238.802518
252.653491
261.214623
267.695415
273.428372
88.364329
94.264685
101.229899
110.926774
127.657011
162.265504
210.324317
238.297974
252.214028
260.836961
267.356613
273.10992
88.752729
94.684524
101.713729
111.524472
128.418558
162.876144
210.025838
237.801271
251.777387
260.460065
267.017604
272.790643
89.142661
95.105756
102.198606
112.121754
129.173079
163.468475
209.737987
237.312334
251.343633
260.084003
266.678447
272.470588
89.534008
95.528246
102.684354
112.71835
129.92022
164.042963
209.460166
236.831075
250.912823
259.708843
266.339199
272.149803
89.926652
95.951859
103.170793
113.313992
130.659643
164.600064
209.191801
236.357399
250.485011
259.334646
265.999914
271.828331
90.320474
96.376457
103.657747
113.908414
131.391024
165.140219
208.932349
235.8912
250.060239
258.961471
265.660644
271.50622
90.715355
96.801905
104.145036
114.501348
132.114059
165.663861
208.681289
235.432365
249.638545
258.589373
265.321442
271.183511
91.111174
97.228063
104.632479
115.092532
132.828461
166.171408
208.438127
234.980771
249.219962
258.218404
264.982357
270.860249
91.507811
97.654793
105.119894
115.681703
133.533957
166.663267
208.202391
234.536292
248.804515
257.848612
264.643435
270.536475
91.905144
98.081955
105.607101
116.268599
134.230292
167.13983
207.973632
234.098793
248.392225
257.480044
264.304723
270.212233
92.303051
98.509407
106.093916
116.852964
134.917229
167.601478
207.751422
233.668137
247.983105
257.11274
263.966266
269.887563
92.70141
98.937009
106.580156
117.434543
135.594545
168.048581
207.535353
233.244182
247.577166
256.746742
263.628106
269.562506
93.100097
99.364618
107.065638
118.013082
136.262035
168.481495
207.325037
232.82678
247.174414
256.382086
263.290286
269.237104
93.498988
99.79209
107.550177
118.588334
136.919508
168.900564
207.120102
232.415784
246.774847
256.018807
262.952847
268.911396
93.897959
100.219283
108.033591
119.160053
137.566789
169.30612
206.920197
232.011043
246.378464
255.656937
262.615827
268.585423
94.296884
100.646051
108.515695
119.727997
138.203718
169.698483
206.724985
231.612404
245.985257
255.296505
262.279267
268.259225
94.695637
101.07225
108.996305
120.29193
138.830151
170.077962
206.534146
231.219713
245.595215
254.93754
261.943202
267.932843
95.094094
101.497734
109.475238
120.851618
139.445955
170.444857
206.347374
230.832816
245.208323
254.580066
261.607671
267.606316
95.492126
101.922357
109.952311
121.406832
140.051013
170.799452
206.164378
230.451559
244.824566
254.224109
261.272709
267.279686
95.889606
102.345972
110.42734
121.957348
140.645222
171.142027
205.98488
230.075787
244.443923
253.86969
260.938352
266.952994
96.286407
102.768434
110.900145
122.502948
141.228488
171.472846
205.808616
229.705347
244.066371
253.516831
260.604635
266.62628
96.6824
103.189594
111.370542
123.043418
141.800732
171.792167
205.635334
229.340085
243.691888
253.16555
260.271593
266.299587
97.077458
103.609305
111.838353
123.578548
142.361887
172.100236
205.464794
228.979851
243.320446
252.815865
259.93926
265.972957
97.47145
104.02742
112.303398
124.108136
142.911895
172.397293
205.296766
228.624494
242.952018
252.467794
259.60767
265.646433
97.864248
104.443791
112.765498
124.631984
143.45071
172.683566
205.131032
228.273866
242.586573
252.121353
259.276858
265.320058
98.255721
104.858271
113.224477
125.1499
143.978297
172.959277
204.967383
227.927821
242.224083
251.776557
258.946858
264.993877
98.64574
105.270711
113.68016
125.661698
144.494627
173.224638
204.805623
227.586216
241.864515
251.433421
258.617703
264.667937
99.034175
105.680965
114.132373
126.167198
144.999684
173.479854
204.645562
227.24891
241.507838
251.09196
258.289429
264.342282
99.420895
106.088885
114.580945
126.666226
145.493459
173.725125
204.487021
226.915764
241.154018
250.752186
257.962071
264.016962
99.805769
106.494324
115.025704
127.158613
145.975952
173.96064
204.329829
226.586643
240.803023
250.414114
257.635663
263.692025
100.188668
106.897136
115.466485
127.644198
146.447169
174.186584
204.173822
226.261415
240.45482
250.077758
257.310242
263.367521
100.56946
107.297176
115.90312
128.122826
146.907124
174.403134
204.018848
225.93995
240.109375
249.743131
256.985844
263.043502
100.948016
107.694296
116.335447
128.594347
147.355839
174.610463
203.864758
225.622124
239.766657
249.410247
256.662506
262.720021
101.324203
108.088354
116.763305
129.058618
147.793342
174.808737
203.711414
225.307814
239.426633
249.07912
256.340267
262.397132
101.697893
108.479205
117.186535
129.515503
148.219666
174.998117
203.558683
224.996902
239.089272
248.749766
256.019165
102.068955
108.866706
117.604984
129.964872
148.63485
175.178757
203.406441
224.689273
238.754543
248.422198
255.699241
102.437258
109.250716
118.018497
130.406601
149.038939
175.35081
203.25457
224.384817
238.422417
248.096434
255.380535
102.802675
109.631094
118.426926
130.840572
149.431983
175.514421
203.102956
224.083426
238.092865
247.77249
255.06309
103.165075
110.0077
118.830124
131.266675
149.814036
175.669732
202.951496
223.784997
237.76586
247.450384
254.74695
103.524329
110.380396
119.227949
131.684805
150.185158
175.816883
202.80009
223.489432
237.441377
247.130135
254.432159
103.880311
110.749046
119.62026
132.094863
150.54541
175.956006
202.648644
223.196636
237.119391
246.811763
254.118764
104.232893
111.113514
120.006922
132.496757
150.89486
176.087233
202.497072
222.906519
236.799881
246.495289
253.806812
104.581948
111.473667
120.387802
132.890402
151.233578
176.210692
202.345291
222.618994
236.482825
246.180736
253.496354
104.92735
111.829373
120.762772
133.275718
151.561637
176.326508
202.193227
222.33398
236.168206
245.868128
253.18744
105.268974
112.180503
121.131705
133.652631
151.879115
176.434802
202.040807
222.051398
235.856007
245.557491
252.880123
105.606697
112.526929
121.494482
134.021073
152.186092
176.535694
201.887968
221.771175
235.546214
245.248851
252.574458
105.940396
112.868525
121.850984
134.380983
152.482649
176.629301
201.734648
221.493243
235.238815
244.942239
252.270501
106.269949
113.205168
122.201099
134.732305
152.768873
176.715738
201.580793
221.217537
234.933801
244.637685
251.968309
106.595235
113.536736
122.544717
135.074988
153.044849
176.795118
201.426353
220.943996
234.631165
244.335222
251.667944
106.916136
113.863111
122.881734
135.40899
153.310669
176.867552
201.271284
220.672566
234.330901
244.034884
251.369466
107.232533
114.184176
123.212048
135.73427
153.566424
176.93315
201.115543
220.403194
234.033009
243.736708
251.07294
107.544311
114.499818
123.535564
136.050795
153.812207
176.99202
200.959097
220.135834
233.737489
243.440732
250.778431
107.851354
114.809926
123.852189
136.358537
154.048114
177.044268
200.801914
219.870443
233.444345
243.146999
250.486008
108.15355
115.114391
124.161835
136.657475
154.274243
177.090001
200.643968
219.606984
233.153583
242.855549
250.195738
108.450787
115.413108
124.464418
136.947589
154.490692
177.129324
200.485236
219.345423
232.865212
242.566429
249.907695
108.742955
115.705974
124.75986
137.228867
154.697561
177.162339
200.325701
219.08573
232.579245
242.279685
249.621952
109.029947
115.99289
125.048086
137.501302
154.894951
177.189149
200.16535
218.82788
232.295696
241.995366
249.338583
109.311657
116.273758
125.329025
137.764891
155.082967
177.209858
200.004174
218.571852
232.014584
241.713525
249.057667
109.587981
116.548486
125.602612
138.019635
155.261711
177.224567
199.842166
218.317631
231.735928
241.434215
248.779283
109.858818
116.816983
125.868784
138.265541
155.431289
177.233376
199.679327
218.065204
231.459753
241.157492
248.503511
110.124067
117.079162
126.127485
138.502619
155.591807
177.236387
199.515659
217.814563
231.186086
240.883414
248.230434
110.383632
117.334938
126.378661
138.730883
155.743372
177.2337
199.351168
217.565704
230.914955
240.612041
247.960137
110.637417
117.584232
126.622264
138.950353
155.886091
177.225415
199.185865
217.318627
230.646394
240.343435
247.692706
110.88533
117.826965
126.858249
139.161051
156.020073
177.211631
199.019764
217.073337
230.380438
240.077662
247.428229
111.12728
118.063064
127.086576
139.363005
156.145427
177.192449
198.852884
216.829841
230.117125
239.814787
247.166795
111.363179
118.292458
127.307209
139.556243
156.262263
177.167969
198.685243
216.588152
229.856497
239.55488
246.908495
111.592943
118.51508
127.520116
139.740801
156.370691
177.138288
198.516868
216.348285
229.598596
239.29801
246.653422
111.816487
118.730866
127.725269
139.916715
156.470823
177.103508
198.347787
216.11026
229.34347
239.044251
246.401669
112.033732
118.939755
127.922645
140.084026
156.562768
177.063726
198.178029
215.8741
229.091169
238.793677
246.153331
112.2446
119.141691
128.112223
140.242778
156.646639
177.019043
198.007629
215.639832
228.841743
238.546364
245.908504
112.449017
119.336619
128.293987
140.393016
156.722547
176.969557
197.836625
215.407486
228.595248
238.30239
245.667285
112.64691
119.52449
128.467926
140.534791
156.790605
176.915368
197.665056
215.177095
228.35174
238.061835
245.429772
112.838209
119.705258
128.63403
140.668155
156.850923
176.856575
197.492965
214.948697
228.11128
237.824779
245.196063
113.022848
119.878877
128.792294
140.793162
156.903615
176.793277
197.320398
214.722332
227.873929
237.591306
244.966259
113.200764
120.04531
128.942718
140.90987
156.948792
176.725573
197.147403
214.498044
227.639751
237.361499
244.740459
113.371895
120.204519
129.085304
141.018338
156.986566
176.653563
196.974031
214.275877
227.408812
237.135444
244.518763
113.536184
120.356471
129.220056
141.118629
157.01705
176.577345
196.800334
214.055882
227.181182
236.913227
244.301273
113.693575
120.501137
129.346985
141.210806
157.040356
176.497019
196.626368
213.83811
226.95693
236.694937
244.08809
113.844017
120.63849
129.466101
141.294935
157.056594
176.412682
196.452192
213.622616
226.736128
236.480661
243.879314
113.98746
120.768507
129.577421
141.371084
157.065876
176.324435
196.277864
213.409458
226.518852
236.27049
243.675048
114.123858
120.891168
129.680963
141.439323
157.068314
176.232376
196.103447
213.198695
226.305178
236.064513
243.475392
114.253169
121.006458
129.776748
141.499722
157.064018
176.136603
195.929005
212.990389
226.095182
235.862822
243.280447
114.375353
121.114363
129.8648
141.552355
157.053098
176.037215
195.754603
212.784605
225.888944
235.665509
243.090313
114.490373
121.214873
129.945148
141.597296
157.035664
175.93431
195.580308
212.581409
225.686545
235.472665
242.90509
114.598195
121.307982
130.01782
141.63462
157.011827
175.827985
195.40619
212.380871
225.488067
235.284383
242.724878
114.698789
121.393685
130.082849
141.664404
156.981693
175.71834
195.23232
212.183061
225.293593
235.100755
242.549774
114.792129
121.471984
130.140272
141.686727
156.945374
175.60547
195.058769
211.988052
225.103208
234.921875
242.379876
114.878189
121.54288
130.190125
141.701668
156.902975
175.489474
194.885612
211.795918
224.916996
234.747835
242.215281
114.956949
121.606381
130.232449
141.709307
156.854604
175.370447
194.712923
211.606736
224.735045
234.578728
242.056084
115.028392
121.662494
130.267287
141.709724
156.800368
175.248488
194.540779
211.420583
224.557441
234.414647
241.902378
115.092503
121.711232
130.294683
141.703003
156.740373
175.123691
194.369258
211.237539
224.384273
234.255683
241.754257
115.149273
121.75261
130.314686
141.689226
156.674723
174.996153
194.198437
211.057685
224.21563
234.101928
241.611812
115.198692
121.786648
130.327345
141.668477
156.603525
174.865969
194.028397
210.881103
224.0516
233.953474
241.475131
115.240757
121.813365
130.332711
141.64084
156.526881
174.733234
193.859218
210.707877
223.892274
233.810411
241.344304
115.275467
121.832786
130.330839
141.6064
156.444894
174.598042
193.690982
210.538091
223.737742
233.67283
241.219415
115.302824
121.844938
130.321785
141.565243
156.357667
174.460488
193.523773
210.371831
223.588094
233.540819
241.100548
115.322835
121.849852
130.305606
141.517455
156.265302
174.320665
193.357672
210.209185
223.443421
233.414466
240.987787
115.335508
121.847561
130.282362
141.463123
156.167899
174.178667
193.192766
210.05024
223.303814
233.293859
240.88121
115.340857
121.838099
130.252116
141.402333
156.065558
174.034586
193.029138
209.895087
223.169364
233.179083
240.780896
115.338897
121.821507
130.21493
141.335174
155.958379
173.888514
192.866876
209.743815
223.040162
233.070225
240.68692
115.329648
121.797825
130.170871
141.261732
155.846459
173.740543
192.706065
209.596514
222.916299
232.967366
240.599354
115.313134
121.767097
130.120005
141.182097
155.729897
173.590765
192.546792
209.453277
222.797866
232.870591
240.51827
115.28938
121.729371
130.0624
141.096356
155.608789
173.439269
192.389147
209.314197
222.684954
232.779979
240.443736
115.258416
121.684696
129.998128
141.004598
155.48323
173.286146
192.233217
209.179367
222.577653
232.69561
240.375817
121.633124
129.927261
140.906913
155.353316
173.131485
192.079093
209.04888
222.476054
232.617562
240.314576
121.574711
129.849871
140.803388
155.219141
172.975376
191.926863
208.922833
222.380245
232.545911
240.260074
121.509513
129.766034
140.694114
155.080798
172.817907
191.776618
208.80132
222.290317
232.480732
240.212368
121.437591
129.675827
140.579179
154.938379
172.659166
191.62845
208.684438
222.206359
232.422098
240.171512
121.359008
129.579326
140.458672
154.791976
172.49924
191.48245
208.572283
222.128459
232.370079
240.13756
121.273827
129.476611
140.332683
154.641678
172.338215
191.33871
208.464953
222.056704
232.324746
240.11056
121.182116
129.367761
140.2013
154.487574
172.176179
191.197324
208.362546
221.991183
232.286164
240.090558
121.083945
129.252859
140.064613
154.329754
172.013216
191.058385
208.26516
221.931982
232.254401
240.077597
120.979386
129.131987
139.922709
154.168304
171.849411
190.921986
208.172896
221.879186
232.229517
240.071718
120.868511
129.005227
139.775678
154.003311
171.684848
190.788222
208.085851
221.832882
232.211576
240.072958
120.751398
128.872665
139.623608
153.834858
171.519611
190.657189
208.004127
221.793153
232.200636
240.081352