12.472756
27.542384
43.980069
61.924042
81.112272
79.238121
60.145247
42.34802
26.055302
11.106794
12.399726
27.458762
43.879908
61.80221
80.967753
79.399765
60.314352
42.515753
26.216643
11.259531
12.331633
27.380184
43.784468
61.684383
80.826174
79.560151
60.483592
42.68474
26.379893
11.414404
12.268534
27.306552
43.693858
61.570752
80.68748
79.718966
60.652797
42.854755
26.544818
11.571262
12.210448
27.23811
43.608176
61.461428
80.552105
79.876064
60.82176
43.025644
26.711308
11.729927
12.157441
27.174878
43.527522
61.356559
80.419987
80.031206
60.990209
43.197133
26.879098
11.890246
12.109592
27.116873
43.451986
61.256217
80.291458
80.184344
61.158017
43.369166
27.04811
12.052121
12.066963
27.064205
43.381657
61.160607
80.166526
80.335154
61.324946
43.541421
27.218048
12.215307
12.029577
27.016946
43.31657
61.069749
80.045496
80.483505
61.490869
43.713794
27.388804
12.379681
11.997464
26.975168
43.256854
60.983708
79.928303
80.629188
61.65556
43.886073
27.56024
12.545052
11.970798
26.938846
43.202483
60.902669
79.815177
80.772145
61.81883
44.058048
27.732095
12.711285
11.949416
26.908046
43.153583
60.826644
79.706251
80.912177
61.980492
44.229514
27.904234
12.878281
11.933445
26.88277
43.110118
60.75568
79.601589
81.049156
62.140363
44.40037
28.076554
13.045766
11.922977
26.863078
43.072208
60.689878
79.501312
81.182881
62.298333
44.570468
28.248768
13.213706
11.917843
26.848998
43.039863
60.62924
79.405411
81.313246
62.454227
44.739452
28.420807
13.381972
11.918245
26.840495
43.013042
60.573933
79.31414
81.440203
62.607909
44.907438
28.592544
13.550265
11.924051
26.837653
42.991851
60.523847
79.227466
81.563589
62.759212
45.074028
28.763702
13.718585
0.075272
11.935371
26.840404
42.976241
60.479105
79.14543
81.6832
62.907974
45.239238
28.93428
13.886651
0.210727
11.952147
26.848708
42.966167
60.439695
79.068207
81.799103
63.054103
45.402781
29.103972
14.054468
0.347661
11.974361
26.862645
42.961725
60.405565
78.995663
81.911127
63.197483
45.564681
29.272721
14.221899
0.485932
12.001992
26.882172
42.962814
60.376892
78.92804
82.019182
63.337928
45.724707
29.440414
14.388732
0.625272
12.035058
26.907276
42.969527
60.353525
78.865212
82.123194
63.475463
45.882686
29.606906
14.554837
0.765602
12.073525
26.937884
42.981659
60.335434
78.807263
82.223212
63.609847
46.038551
29.772064
14.720179
0.906659
12.117336
26.973922
42.999404
60.322759
78.754196
82.319017
63.741077
46.192286
29.935806
14.884598
1.048366
12.166543
27.015496
43.022553
60.315373
78.706013
82.410688
63.869022
46.343576
30.097939
15.047986
1.190402
12.221051
27.062498
43.051145
60.313312
78.662787
82.498071
63.993654
46.492567
30.258456
15.210175
1.332758
12.280814
27.114828
43.08512
60.316374
78.624366
82.581259
64.114917
46.63895
30.41711
15.371214
1.475174
12.345736
27.172468
43.124425
60.32473
78.590892
82.660095
64.232721
46.782728
30.573923
15.530879
1.617585
12.415899
27.235406
43.168992
60.338238
78.562225
82.73469
64.346952
46.9239
30.728838
15.689115
1.759738
12.491194
27.303508
43.218765
60.356805
78.5384
82.80505
64.457661
47.062226
30.881711
15.845826
1.901566
12.571517
27.376731
43.273639
60.380525
78.519347
82.871038
64.564773
47.19781
31.032422
16.000962
2.042884
12.656863
27.455063
43.3336
60.409168
78.505113
82.93276
64.668247
47.330567
31.180947
16.154434
2.183568
12.747141
27.538375
43.398593
60.442729
78.495481
82.990147
64.768111
47.460312
31.327274
16.306194
2.323559
12.842283
27.626568
43.468512
60.481142
78.490583
83.043319
64.864328
47.587164
31.471258
16.456198
2.462737
12.942241
27.71966
43.54325
60.524278
78.490232
83.092274
64.956836
47.71099
31.612894
16.604242
2.600925
13.046939
27.81747
43.622756
60.572168
78.494429
83.137068
65.045732
47.831815
31.752075
16.750485
2.738128
13.156302
27.919989
43.706831
60.624617
78.503087
83.177631
65.13086
47.949618
31.888912
16.894707
2.87417
13.270284
28.027037
43.795568
60.68163
78.516107
83.214066
65.212481
48.064321
32.023193
17.03697
3.008999
13.38868
28.138639
43.888726
60.743076
78.533491
83.246494
65.290379
48.175956
32.154962
17.177201
3.142567
13.511567
28.254533
43.986257
60.808771
78.555125
83.274919
65.364691
48.28455
32.284228
17.315363
3.274765
0.061858
13.638756
28.374833
44.088064
60.878753
78.580857
83.299319
65.435427
48.389995
32.410982
17.451426
3.405542
0.170415
13.770182
28.499281
44.194059
60.952836
78.610621
83.319921
65.502595
48.492467
32.535166
17.585359
3.534914
0.283527
13.905718
28.627796
44.304058
61.030997
78.644461
83.336623
65.56624
48.591809
32.656721
17.717211
3.662717
0.401298
14.045331
28.76035
44.418019
61.113003
78.682077
83.34959
65.626501
48.688152
32.775771
17.846913
3.789028
0.523658
14.188841
28.896753
44.535811
61.198889
78.723476
83.358928
65.683324
48.78148
32.892206
17.974461
3.913798
0.650537
14.336291
29.03698
44.657398
61.288427
78.768624
83.364652
65.736725
48.871789
33.006169
18.099827
4.036933
0.781928
14.48746
29.180849
44.782561
61.381535
78.81727
83.366937
65.78684
48.959207
33.117554
18.223047
4.158451
0.91782
14.642233
29.328283
44.911175
61.478145
78.869384
83.365748
65.833775
49.043683
33.226417
18.344154
4.278364
1.058032
14.800573
29.479159
45.043213
61.578088
78.924909
83.361227
65.87751
49.125252
33.332778
18.463166
4.396643
1.202617
14.96241
29.633376
45.178463
61.681299
78.983686
83.353423
65.918117
49.204
33.436675
18.580021
4.513301
1.351399
15.127535
29.790815
45.316901
61.78759
79.045528
83.34255
65.955734
49.279969
33.538078
18.694777
4.628303
1.504254
15.295883
29.951323
45.458324
61.896899
79.11044
83.328568
65.990308
49.353245
33.637114
18.807414
4.741671
1.661187
15.467307
30.11482
45.602665
62.0091
79.178296
83.311703
66.022063
49.423814
33.733789
18.918046
4.853431
1.822019
15.641822
30.281212
45.749727
62.123992
79.248944
83.291966
66.051007
49.491719
33.82809
19.026616
4.963592
1.986642
15.819178
30.45033
45.899541
62.241576
79.322289
83.269458
66.077178
49.557137
33.920127
19.13322
5.07219
2.15494
15.999366
30.622038
46.051824
62.361652
79.398135
83.244247
66.100764
49.620059
34.009872
19.237859
5.179243
2.326746
16.182143
30.796365
46.206521
62.484111
79.476483
83.216561
66.121801
49.680472
34.097486
19.340534
5.28524
2.501951
16.367545
30.973011
46.363535
62.608905
79.55718
83.186415
66.140327
49.738605
34.182907
19.441342
5.38921
2.680449
16.555348
31.151924
46.522681
62.735784
79.640103
83.153943
66.156488
49.794435
34.266243
19.540264
5.491698
2.862017
16.745502
31.33301
46.683868
62.864649
79.725131
83.119227
66.170346
49.848003
34.347534
19.637436
5.59268
3.046551
16.937878
31.516105
46.847006
62.995489
79.812184
83.082414
66.182025
49.899438
34.426873
19.73282
5.692223
3.233952
17.132298
31.701141
47.011964
63.128093
79.901069
83.043574
66.191525
49.948765
34.504213
19.826495
5.790359
3.424002
17.328716
31.887936
47.178524
63.262369
79.99171
83.002775
66.199071
49.996158
34.579781
19.918535
5.887046
3.616597
17.527009
32.076461
47.346646
63.39814
80.083999
82.960222
66.204724
50.041551
34.653496
20.008943
5.982479
3.811644
17.727079
32.266473
47.516297
63.535407
80.177851
82.915923
66.208479
50.085158
34.725498
20.097812
6.07657
4.008929
17.928754
32.457946
47.687219
63.673883
80.2731
82.870004
66.210473
50.126998
34.79579
20.185145
6.169391
4.208294
18.131936
32.650758
47.859295
63.813631
80.369676
82.822653
66.210846
50.167116
34.864497
20.271036
6.260971
4.409766
18.336568
32.844788
48.032493
63.954454
80.467419
82.773818
66.209672
50.20561
34.93172
20.355521
6.351437
4.613071
18.542463
33.039851
48.206652
64.096192
80.566252
82.723816
66.207
50.242647
34.997377
20.438693
6.440761
4.818181
18.749492
33.235928
48.381659
64.238824
80.666042
82.672513
66.20299
50.278158
35.061675
20.520589
6.529065
5.024996
18.957674
33.432821
48.557357
64.382137
80.766759
82.620213
66.197687
50.312349
35.124595
20.601264
6.616262
5.233891
19.166736
33.630483
48.733681
64.526115
80.868156
82.566866
66.191159
50.345186
35.186271
20.680757
6.702537
5.443737
19.376642
33.828751
48.910561
64.670548
80.970283
82.512647
66.183564
50.376873
35.246773
20.759136
6.787911
5.65478
19.587269
34.02758
49.08785
64.815396
81.072877
82.457673
66.174966
50.407385
35.306082
20.836513
6.872403
5.866939
19.798548
34.226778
49.265357
64.960594
81.176009
82.401999
66.165405
50.436866
35.36433
20.912901
6.956086
6.080005
20.010282
34.426285
49.443055
65.105909
81.279422
82.345676
66.155058
50.465383
35.421613
20.988337
7.038971
6.293886
20.22244
34.625928
49.620889
65.251333
81.383119
82.288889
66.143961
50.492947
35.477918
21.062908
7.121185
6.508556
20.43481
34.825667
49.798586
65.396752
81.486917
82.231748
66.13212
50.519748
35.533435
21.136703
7.202698
6.723749
20.647417
35.025379
49.976209
65.542074
81.59076
82.174232
66.119762
50.545754
35.588082
21.209757
7.283637
6.939484
20.860104
35.22496
50.153536
65.687102
81.694593
82.116474
66.106922
50.57107
35.642034
21.282135
7.364064
7.15557
21.072659
35.424307
50.330593
65.83189
81.798289
82.058627
66.093682
50.595825
35.695337
21.353852
7.443941
7.371843
21.285163
35.623283
50.507144
65.976244
81.901746
82.000698
66.080073
50.620082
35.748002
21.424993
7.523386
7.588284
21.49733
35.821831
50.683147
66.12005
82.004858
81.942836
66.066233
50.643809
35.800205
21.49572
7.602483
7.804734
21.709156
36.019791
50.858493
66.263255
82.107565
81.885101
66.052166
50.667218
35.851871
21.565896
7.681172
8.021048
21.920518
36.217086
51.033133
66.405803
82.209758
81.827535
66.038088
50.690286
35.903163
21.635714
7.759649
8.237195
22.131367
36.413686
51.206883
66.54753
82.311404
81.770316
66.02397
50.713139
35.954136
21.705227
7.837846
8.452965
22.341494
36.60942
51.379733
66.688382
82.412318
81.713416
66.009891
50.735829
36.004766
21.774404
7.915854
8.668318
22.5508
36.804188
51.551573
66.828307
82.512536
81.656951
65.995934
50.758404
36.055211
21.843404
7.993717
8.8831
22.75931
36.997857
51.722239
66.967118
82.611884
81.60103
65.982174
50.780916
36.105491
21.912197
8.071519
9.097288
22.966848
37.190454
51.891787
67.104867
82.710322
81.545689
65.968717
50.803487
36.155651
21.980887
8.149311
9.310653
23.173289
37.381799
52.060007
67.241369
82.807806
81.491054
65.955584
50.826168
36.205778
22.049486
8.22704
9.523171
23.378555
37.571839
52.226837
67.376541
82.904178
81.437143
65.942824
50.848961
36.25594
22.11812
8.304901
9.734733
23.582595
37.760486
52.392176
67.510366
82.999409
81.384029
65.930597
50.871951
36.306119
22.186735
8.382833
9.945193
23.785285
37.947606
52.556017
67.642782
83.093445
81.331798
65.918842
50.895224
36.356475
22.255479
8.460894
10.154497
23.986498
38.133098
52.718215
67.773631
83.186198
81.280505
65.907712
50.918782
36.406922
22.324286
8.539151
10.362487
24.186154
38.31692
52.878681
67.902863
83.277564
81.230204
65.897256
50.942755
36.457628
22.393294
8.617662
10.569117
24.384253
38.499017
53.037421
68.03045
83.367566
81.180998
65.887444
50.967136
36.508625
22.46249
8.69643
10.774294
24.580541
38.679289
53.194228
68.156309
83.456056
81.132924
65.878506
50.992056
36.559907
22.53199
8.775464
10.97785
24.775069
38.857566
53.349155
68.280335
83.542994
81.086044
65.870304
51.01747
36.611528
22.601802
8.854935
11.179723
24.967702
39.033917
53.502031
68.402446
83.628339
81.040393
65.863017
51.043499
36.663539
22.671891
8.934731
11.379819
25.158315
39.208088
53.652871
68.522668
83.712
80.996093
65.856666
51.070108
36.71604
22.742394
9.014967
11.578076
25.346901
39.380186
53.801526
68.640895
83.793998
80.953064
65.851322
51.097418
36.769004
22.813329
9.095643
11.7744
25.533279
39.549954
53.947988
68.75701
83.874119
80.911485
65.846981
51.125466
36.822516
22.884651
9.176817
11.968589
25.717495
39.717461
54.09213
68.871016
83.952442
80.871401
65.843714
51.154246
36.876549
22.956475
9.258479
12.160726
25.899337
39.882613
54.233955
68.982829
84.028877
80.8328
65.841518
51.183851
36.9312
23.028839
9.340706
12.350576
26.078774
40.045268
54.373346
69.092405
84.103389
80.795737
65.840512
51.214272
36.986443
23.101707
9.423478
12.538127
26.255799
40.205375
54.510267
69.199726
84.175935
80.760267
65.840722
51.24554
37.042375
23.17514
9.506794
12.72328
26.430248
40.362955
54.644627
69.304595
84.246426
80.726388
65.842167
51.277747
37.099001
23.2492
9.590779
12.905881
26.602011
40.517792
54.776434
69.407186
84.314818
80.694253
65.844838
51.310886
37.15634
23.323795
9.675363
13.085953
26.771127
40.669953
54.905535
69.507225
84.381132
80.66382
65.848838
51.344996
37.214363
23.399071
9.760604
0.021938
13.263398
26.937482
40.819329
55.032017
69.604863
84.445224
80.635081
65.854186
51.380071
37.273168
23.474958
9.84648
0.173299
13.438067
27.100961
40.965785
55.155659
69.699902
84.507162
80.608149
65.860904
51.416157
37.332771
23.551571
9.933066
0.324498
13.609927
27.261576
41.109382
55.276533
69.792415
84.566908
80.583072
65.86896
51.453321
37.393144
23.628819
10.020293
0.475188
13.778915
27.41921
41.250061
55.394543
69.882277
84.624361
80.559795
65.878481
51.491484
37.454294
23.706737
10.108263
0.625196
13.944953
27.573794
41.387594
55.509645
69.969507
84.679495
80.538384
65.889434
51.53073
37.516327
23.785341
10.196858
0.774113
14.107903
27.725209
41.522162
55.621809
70.053976
84.732317
80.518831
65.90179
51.571124
37.57917
23.864637
10.28618
0.921821
14.267754
27.87354
41.653579
55.731003
70.135811
84.782788
80.501263
65.915675
51.612554
37.642804
23.944662
10.376156
1.068084
14.424424
28.018638
41.781785
55.837165
70.214849
84.830868
80.485548
65.930983
51.655084
37.707315
24.025375
10.466862
1.212602
14.577843
28.160431
41.906788
55.940245
70.291083
84.876573
80.471824
65.947865
51.698763
37.772685
24.106789
10.55826
1.355195
14.727982
28.298872
42.028565
56.040272
70.364494
84.919805
80.460083
65.966186
51.74354
37.838883
24.188909
10.650288
1.49568
14.874698
28.433965
42.146968
56.137086
70.435133
84.960636
80.450273
65.986074
51.789498
37.905926
24.271719
10.742999
1.633867
15.018031
28.565632
42.262011
56.230841
70.50283
84.999019
80.442456
66.007448
51.836542
37.973829
24.355204
10.836327
1.769635
15.157779
28.693773
42.373743
56.321342
70.567689
85.034968
80.436645
66.030359
51.884675
38.042562
24.439295
10.930303
1.90273
15.294021
28.818361
42.482014
56.408583
70.629632
85.06839
80.432827
66.054803
51.933972
38.11206
24.524078
11.024861
2.033143
15.42668
28.939421
42.586793
56.492638
70.688723
85.099342
80.431027
66.080727
51.984391
38.182418
24.609479
11.120039
2.160563
15.555663
29.056849
42.688131
56.573467
70.744828
85.127794
80.431184
66.108178
52.035881
38.253569
24.695509
11.215714
2.285036
15.680894
29.170616
42.785909
56.650935
70.798028
85.153803
80.433362
66.137181
52.088435
38.325403
24.782071
11.311991
2.406363
15.802374
29.280687
42.880143
56.72513
70.848242
85.177267
80.437512
66.167632
52.142103
38.398094
24.869195
11.408723
2.524412
15.920094
29.387063
42.970832
56.796072
70.89555
85.198258
80.44365
66.199555
52.196786
38.471414
24.956861
11.505898
2.639101
16.033904
29.489605
43.057985
56.863641
70.939924
85.216786
80.451717
66.232998
52.25248
38.545492
25.045022
11.603505
2.750355
16.143856
29.58844
43.141443
56.927905
70.981279
85.232802
80.461779
66.267858
52.309187
38.620225
25.13358
11.701451
2.858095
16.249903
29.683401
43.221294
56.988804
71.01975
85.246369
80.473796
66.304135
52.366889
38.69558
25.222616
11.79978
2.962173
16.351968
29.774562
43.297539
57.046389
71.05525
85.257499
80.487711
66.341797
52.425556
38.771525
25.311977
11.898364
3.062574
16.450041
29.861834
43.370142
57.1006
71.087858
85.266144
80.503542
66.380874
52.485089
38.848034
25.40164
11.997187
3.159214
16.544077
29.945233
43.439103
57.151503
71.117505
85.272429
80.521232
66.421256
52.545526
38.925075
25.491631
12.09614
3.252068
16.634104
30.024755
43.504384
57.199051
71.144231
85.276238
80.540791
66.462976
52.606778
39.002577
25.581877
12.195278
3.341059
16.720078
30.100405
43.565984
57.243277
71.168095
85.277758
80.562171
66.505945
52.668838
39.080461
25.672222
12.29441
3.426092
16.801952
30.172051
43.623948
57.284198
71.189099
85.276873
80.585334
66.550196
52.731663
39.158782
25.762741
12.393622
3.507215
16.879713
30.239863
43.678275
57.321815
71.207228
85.273655
80.610225
66.595619
52.795244
39.237431
25.85328
12.492697
3.584336
16.953389
30.303721
43.728883
57.35619
71.222484
85.268167
80.636854
66.642215
52.859446
39.316321
25.943837
12.59164
3.657372
17.022915
30.363645
43.775932
57.387227
71.23496
85.26041
80.665164
66.689904
52.924237
39.395431
26.034332
12.690408
3.726357
17.088261
30.419699
43.819301
57.415037
71.244675
85.25039
80.695127
66.738665
52.989676
39.474718
26.124686
12.788862
3.791268
17.149527
30.471769
43.859069
57.439651
71.251648
85.238229
80.726679
66.788462
53.055559
39.55407
26.214841
12.88697
3.852083
17.206649
30.519966
43.895236
57.46105
71.255953
85.223929
80.759773
66.839222
53.12192
39.633488
26.304743
12.984652
3.908713
17.259687
30.564285
43.927838
57.479266
71.257519
85.2075
80.794372
66.890863
53.188625
39.712815
26.394284
13.081827
3.961259
17.308519
30.604708
43.956875
57.494297
71.25649
85.187674
80.83042
66.943388
53.255707
39.792095
26.483459
13.178401
0.084758
4.009632
17.353246
30.641258
43.982385
57.506314
71.252868
85.167161
80.867815
66.996736
53.323041
39.871215
26.572079
13.274292
0.169696
4.053876
17.393896
30.673969
44.004406
57.515236
71.246669
85.144703
80.906613
67.050758
53.390535
39.950048
26.660219
13.369404
0.254555
4.094023
17.430477
30.702855
44.022978
57.521095
71.238004
85.120361
80.946656
67.105524
53.458224
40.0286
26.747636
13.463683
0.339198
4.129998
17.462903
30.727987
44.038096
57.523998
71.226855
85.094132
80.987952
67.160884
53.52597
40.106792
26.834351
13.557003
0.423488
4.161833
17.491334
30.74927
44.049801
57.523958
71.213274
85.066142
81.0304
67.216776
53.593646
40.18446
26.920225
13.649295
0.50735
4.189571
17.515758
30.766908
44.058211
57.521039
71.197426
85.036392
81.073933
67.273128
53.661296
40.261601
27.005225
13.740476
0.590645
4.213253
17.536169
30.780835
44.063243
57.515236
71.179237
85.006375
81.118458
67.329909
53.728771
40.338144
27.089267
13.830462
0.673298
4.232803
17.552614
30.791094
44.065059
57.506644
71.158799
84.97334
81.164032
67.387013
53.796034
40.413952
27.172158
13.919108
0.755106
4.248385
17.565121
30.797752
44.063616
57.495325
71.136182
84.93873
81.210438
67.444389
53.862992
40.488999
27.253944
14.006317
0.83593
4.259914
17.573758
30.800833
44.058992
57.481324
71.111461
84.902657
81.257676
67.501951
53.929517
40.563154
27.334538
14.092077
0.915755
4.267508
17.57852
30.800351
44.051267
57.464687
71.084707
84.865179
81.305699
67.559626
53.995642
40.636376
27.413695
14.176244
0.994315
4.271146
17.579531
30.796425
44.040483
57.445507
71.055938
84.826367
81.354385
67.617361
54.061192
40.708536
27.491539
14.25872
1.071596
4.270881
17.576766
30.789079
44.026718
57.423786
71.025263
84.786269
81.403696
67.675017
54.126119
40.779636
27.567801
14.339374
1.147458
4.266818
17.570259
30.778381
44.009972
57.399615
70.992736
84.74495
81.45351
67.732595
54.19034
40.849471
27.642497
14.418196
1.22176
4.258883
17.560118
30.764358
43.990326
57.37312
70.95843
84.702473
81.503843
67.789945
54.25376
40.918041
27.715461
14.49497
1.294362
4.24726
17.546397
30.747028
43.967902
57.344272
70.922399
84.65901
81.55451
67.847056
54.316332
40.985251
27.786662
14.569728
1.365124
4.231996
17.529188
30.72659
43.9427
57.313211
70.884753
84.614564
81.605471
67.903769
54.377973
41.050987
27.856011
14.642299
1.433972
4.213083
17.508449
30.702972
43.914802
57.280016
70.845528
84.569194
81.656603
67.960093
54.438553
41.115114
27.923344
14.712584
1.500765
4.190584
17.484313
30.676324
43.88433
57.244688
70.804815
84.522956
81.707915
68.015814
54.497978
41.177677
27.988652
14.780499
1.565428
4.164668
17.456836
30.646697
43.851244
57.207386
70.762687
84.476033
81.759285
68.070975
54.556212
41.238466
28.051799
14.845993
1.627823
4.135282
17.426094
30.61416
43.815751
57.16811
70.719235
84.428418
81.810664
68.125457
54.613158
41.297477
28.112726
14.908923
1.68775
4.102608
17.392201
30.578806
43.77785
57.12694
70.674568
84.380233
81.861891
68.179122
54.668723
41.354581
28.171374
14.969209
1.745264
4.066638
17.35514
30.540625
43.737583
57.084036
70.628688
84.331584
81.91294
68.231969
54.72285
41.40974
28.227607
15.026783
1.8001
4.027502
17.315028
30.499749
43.695117
57.039399
70.58174
84.28249
81.963722
68.283921
54.775383
41.462823
28.281259
15.081523
1.852253
3.985266
17.272
30.456283
43.650454
56.993109
70.53376
84.233054
82.014164
68.334798
54.826335
41.513748
28.332406
15.133347
1.901587
3.940055
17.226099
30.410288
43.603758
56.945296
70.484821
84.183332
82.06416
68.384567
54.875576
41.562388
28.380913
15.182193
1.948036
3.891873
17.177365
30.361869
43.554992
56.896039
70.435126
84.133451
82.113645
68.433184
54.923058
41.608823
28.426645
15.228012
1.991465
3.840852
17.125939
30.31108
43.504403
56.84539
70.384582
84.083518
82.162506
68.480489
54.96862
41.652804
28.469574
15.270595
2.031745
3.787122
17.071862
30.258004
43.451913
56.793459
70.333409
84.033535
82.210684
68.526481
55.012274
41.694325
28.509615
15.310011
2.068876
3.730753
17.015238
30.202697
43.397645
56.740314
70.281624
83.983678
82.258116
68.571032
55.053878
41.733308
28.546665
15.3461
2.102729
3.671877
16.956205
30.145324
43.341809
56.686051
70.22932
83.933943
82.304639
68.614067
55.09335
41.769664
28.580644
15.378771
2.133173
3.610505
16.894806
30.08597
43.284324
56.630656
70.176586
83.884441
82.350301
68.655564
55.130705
41.803354
28.611523
15.407979
2.160217
3.546839
16.831129
30.024611
43.225318
56.574417
70.123516
83.835296
82.394924
68.695384
55.165735
41.834249
28.639198
15.433726
2.183793
3.480881
16.765315
29.961412
43.164997
56.51721
70.070198
83.78655
82.438509
68.733411
55.198471
41.862313
28.663618
15.455795
2.203718
3.412777
16.697407
29.896511
43.103282
56.459258
70.016653
83.738273
82.480876
68.769665
55.228816
41.887455
28.68476
15.474231
2.22
3.342724
16.627528
29.829892
43.040381
56.400564
69.963024
83.690567
82.522035
68.803998
55.256674
41.909635
28.702467
15.488995
2.232576
3.27067
16.555689
29.761714
42.976257
56.341288
69.909384
83.643496
82.561855
68.83641
55.281967
41.928774
28.716664
15.499931
2.241393
3.196825
16.482164
29.692121
42.911157
56.281433
69.855862
83.597172
82.600281
68.866773
55.304708
41.944788
28.727435
15.507029
2.246337
3.121257
16.406904
29.621039
42.845041
56.221159
69.802417
83.55159
82.637249
68.895067
55.324692
41.957717
28.734623
15.510266
2.247413
3.044108
16.330035
29.548686
42.778037
56.160483
69.749179
83.506913
82.672701
68.921131
55.342013
41.967356
28.738157
15.509519
2.244573
2.965458
16.251676
29.475178
42.71023
56.099518
69.696307
83.463205
82.706518
68.945011
55.356498
41.973703
28.738018
15.504825
2.237825
2.885448
16.171878
29.40052
42.641742
56.038298
69.643749
83.420509
82.738691
68.966567
55.368177
41.97676
28.734211
15.496076
2.226997
2.804153
16.0908
29.324798
42.572575
55.976999
69.591665
83.378896
82.769108
68.985739
55.376876
41.97645
28.726558
15.483223
2.212162
2.721652
16.008509
29.248157
42.502815
55.915636
69.540109
83.338401
82.797699
69.002513
55.382612
41.972644
28.715121
15.466307
2.193338
2.638152
15.925049
29.170624
42.432623
55.854258
69.489136
83.299201
82.824412
69.016809
55.385385
41.965429
28.699878
15.445206
2.170355
2.553662
15.84062
29.092343
42.362085
55.793026
69.43881
83.261289
82.849179
69.028541
55.385006
41.954678
28.680686
15.419978
2.143287
2.468329
15.755191
29.013319
42.291199
55.731923
69.389281
83.224722
82.871999
69.037721
55.381569
41.940358
28.657627
15.390561
2.112157
2.382286
15.668959
28.933746
42.22005
55.671076
69.340526
83.18955
82.892737
69.044243
55.37495
41.922384
28.630581
15.356881
2.076858
2.295554
15.58191
28.853629
42.148759
55.610534
69.292632
83.15587
82.911351
69.048045
55.365116
41.900796
28.599561
15.318952
2.037468
2.208331
15.494209
28.77308
42.077364
55.550342
69.245705
83.123811
82.927828
69.049096
55.35202
41.875598
28.564519
15.276759
1.994008
2.120695
15.40593
28.692212
42.005989
55.490644
69.199745
83.093295
82.942039
69.047408
55.335647
41.846668
28.525443
15.230258
1.946375
2.032721
15.31718
28.610977
41.934672
55.431405
69.154838
83.06444
82.954042
69.042853
55.315934
41.814007
28.482392
15.179493
1.894711
1.944486
15.227957
28.52954
41.863495
55.372786
69.111035
83.037291
82.963715
69.035464
55.29293
41.777618
28.435198
15.124436
1.838978
1.856125
15.1384
28.44801
41.792454
55.314814
69.068443
83.011902
82.970995
69.025115
55.26649
41.737454
28.383972
15.065116
1.779258
1.767776
15.048574
28.366395
41.721711
55.257489
69.027074
82.988324
82.975938
69.011816
55.236629
41.69348
28.328674
15.001447
1.715511
1.679446
14.958589
28.284802
41.65126
55.20095
68.986945
82.966598
82.97841
68.995568
55.203382
41.645695
28.269262
14.933459
1.647818
1.591214
14.868526
28.203235
41.581223
55.145197
68.948177
82.946796
82.978408
68.976349
55.166604
41.594097
28.205719
14.861239
1.576202
1.503208
14.778347
28.121805
41.511595
55.090321
68.910787
82.92889
82.975926
68.954063
55.126389
41.538648
28.13811
14.784674
1.500807
1.415563
14.688218
28.040591
41.442453
55.036351
68.874766
82.912999
82.970841
68.928689
55.082671
41.479384
28.066391
14.703878
1.421592
1.328286
14.598186
27.959623
41.373871
54.983316
68.840207
82.899117
82.963202
68.900224
55.035451
41.416307
27.990625
14.618796
1.338639
1.24145
14.508359
27.878984
41.30593
54.931309
68.807176
82.887288
82.953
68.868732
54.984708
41.349335
27.910743
14.529441
1.252154
1.155179
14.418696
27.798701
41.23858
54.880308
68.775649
82.87751
82.940112
68.834031
54.930442
41.278583
27.826804
14.43593
1.162031
1.069484
14.329289
27.7188
41.171937
54.830439
68.745713
82.869893
82.924642
68.796276
54.872666
41.203972
27.738795
14.338174
1.068538
0.984489
14.240283
27.639416
41.106038
54.781666
68.717365
82.864373
82.90646
68.755296
54.811311
41.125499
27.646773
14.236246
0.971691
0.9002
14.151624
27.560519
41.040913
54.734048
68.690637
82.861001
82.885619
68.711214
54.746422
41.043234
27.550747
14.130216
0.871628
0.816742
14.063413
27.482189
40.976597
54.687594
68.665583
82.859828
82.862051
68.663965
54.677976
40.95714
27.450671
14.020081
0.768552
0.734117
13.97565
27.404428
40.913125
54.642384
68.642191
82.860785
82.835795
68.613509
54.606051
40.867213
27.34663
13.905883
0.662477
0.652388
13.888438
27.327361
40.850526
54.598395
68.620483
82.864053
82.806847
68.559961
54.530575
40.773563
27.238657
13.787618
0.5536
0.571618
13.801802
27.250912
40.788834
54.55567
68.600544
82.869441
82.77513
68.503186
54.451558
40.676146
27.126781
13.665425
0.442117
0.491805
13.715743
27.175182
40.728083
54.514222
68.582333
82.877124
82.740695
68.443264
54.369087
40.575037
27.011008
13.539199
0.328223
0.41307
13.630345
27.10022
40.668258
54.474108
68.565795
82.887041
82.703528
68.380166
54.283123
40.470187
26.891392
13.409178
0.212048
0.335413
13.545575
27.025972
40.60948
54.435277
68.55107
82.899246
82.663602
68.313917
54.193672
40.361627
26.76804
13.275256
0.093784
0.25889
13.461516
26.952487
40.551614
54.397803
68.538117
82.913621
82.62098
68.244529
54.100821
40.249431
26.640825
13.137511
0.183438
13.378223
26.879839
40.494811
54.361668
68.526884
82.930329
82.575625
68.172014
54.004528
40.133665
26.509927
12.996061
0.109235
13.295619
26.807998
40.439024
54.326863
68.517477
82.94921
82.5276
68.096459
53.904795
40.01424
26.375374
12.850957
0.036157
13.213827
26.737012
40.384324
54.293421
68.509837
82.970363
82.476809
68.017756
53.801708
39.89127
26.237163
12.702187
13.132743
26.66685
40.330581
54.261351
68.50391
82.993795
82.423371
67.93598
53.695267
39.764857
26.095371
12.549837
13.052516
26.597586
40.27794
54.230632
68.499786
83.019384
82.367253
67.851149
53.585588
39.634951
25.950046
12.394027
12.973085
26.529136
40.226315
54.201261
68.497444
83.047201
82.308444
67.763327
53.472557
39.501615
25.801288
12.234809
12.89447
26.461624
40.17574
54.173218
68.496814
83.077233
82.247046
67.672508
53.356276
39.364958
25.649116
12.072173
12.816691
26.39489
40.126239
54.146579
68.497931
83.109431
82.183024
67.57871
53.236835
39.224882
25.493551
11.906272
12.739701
26.329083
40.077766
54.121198
68.500756
83.143797
82.116428
67.481992
53.114266
39.081572
25.334662
11.737128
12.663504
26.264144
40.030315
54.097165
68.505314
83.180333
82.047229
67.382402
52.988485
38.935089
25.17257
11.564856
12.588177
26.200017
39.983906
54.074433
68.511568
83.218987
81.975528
67.279922
52.859728
38.785376
25.007318
11.38949
12.513669
26.136771
39.938497
54.053028
68.519447
83.259702
81.901357
67.174565
52.727898
38.632582
24.838996
11.211094
12.439942
26.074349
39.894069
54.032868
68.528988
83.302484
81.824644
67.066496
52.59307
38.476709
24.667543
11.029858
12.36699
26.012796
39.850626
54.013919
68.540122
83.347287
81.745586
66.955673
52.455361
38.317877
24.493179
10.845732
12.294841
25.952001
39.808149
53.996195
68.552854
83.39411
81.664048
66.842159
52.314753
38.156087
24.315938
10.658845
12.223446
25.892034
39.766589
53.979695
68.567128
83.442907
81.580187
66.725988
52.171317
37.991447
24.135808
10.469316
12.15284
25.832837
39.7259
53.964352
68.582971
83.493627
81.494032
66.607245
52.025204
37.823975
23.953005
10.277204
12.082895
25.774378
39.686193
53.950132
68.600239
83.54622
81.405622
66.485906
51.876277
37.653759
23.767434
10.082589
12.013717
25.716624
39.647297
53.937036
68.618994
83.600699
81.314977
66.362088
51.724719
37.480904
23.579334
9.885574
11.945197
25.659592
39.6092
53.925031
68.639167
83.656951
81.222152
66.235788
51.570636
37.305427
23.388662
9.686226
11.877351
25.603249
39.571906
53.914004
68.660724
83.714997
81.127157
66.107143
51.414021
37.127456
23.195626
9.484609
11.810115
25.547513
39.535388
53.904049
68.683619
83.774723
81.030152
65.976135
51.254923
36.947005
23.000157
9.280938
11.743493
25.492399
39.499569
53.894992
68.707807
83.836145
80.931058
65.842915
51.093407
36.764131
22.802418
9.075162
11.677432
25.437824
39.464446
53.886862
68.733197
83.899221
80.830007
65.707411
50.929582
36.579008
22.602478
8.867455
11.611948
25.383859
39.429999
53.8796
68.7598
83.963839
80.727053
65.569756
50.763541
36.391646
22.400455
8.657963
11.54692
25.330314
39.396108
53.873104
68.787527
84.029962
80.62228
65.430025
50.595264
36.202101
22.196394
8.446649
11.482351
25.277286
39.362805
53.867493
68.816409
84.097603
80.515662
65.288247
50.424934
36.010498
21.990348
8.233713
11.418245
25.224665
39.329998
53.862536
68.846324
84.166597
80.407284
65.144577
50.25253
35.816903
21.782499
8.019214
11.354537
25.172392
39.297683
53.858305
68.877184
84.23696
80.297256
64.998935
50.07818
35.621392
21.572876
7.803317
11.291118
25.120509
39.265768
53.85465
68.90902
84.308593
80.185641
64.851533
49.901908
35.424067
21.361607
7.586053
11.228058
25.068882
39.234256
53.851622
68.94171
84.381514
80.072444
64.702313
49.723849
35.224981
21.14871
7.36754
11.165226
25.017504
39.203056
53.849079
68.975187
84.455558
79.957805
64.551485
49.544064
35.024268
20.934341
7.147926
11.102625
24.966288
39.172117
53.84699
69.009461
84.530688
79.841748
64.399049
49.362642
34.821967
20.718583
6.927305
11.040201
24.915254
39.141391
53.84532
69.044374
84.606853
79.724327
64.245078
49.179644
34.618192
20.501526
6.70579
10.977889
24.864316
39.110883
53.84399
69.079949
84.684022
79.605693
64.089651
48.99516
34.413047
20.283198
6.483465
10.915624
24.813415
39.080416
53.842905
69.116126
84.762022
79.485822
63.932872
48.809287
34.206534
20.063829
6.260434
10.85341
24.762519
39.049986
53.842079
69.152738
84.840882
79.364864
63.774764
48.622085
33.998883
19.843393
6.036897
10.791181
24.711515
39.019589
53.841418
69.189781
84.920489
79.242866
63.615485
48.433683
33.790049
19.622065
5.812905
10.728872
24.660421
38.989092
53.840792
69.22722
85.00081
79.119861
63.455087
48.244096
33.580228
19.399945
5.588598
10.666486
24.609181
38.958499
53.840248
69.264938
85.081676
78.996026
63.293619
48.053545
33.369489
19.177062
5.364072
10.603844
24.557652
38.927714
53.839607
69.302821
85.163043
78.871434
63.131217
47.862003
33.157885
18.953535
5.139018
10.540982
24.505856
38.896611
53.838869
69.340806
85.244937
78.746036
62.967957
47.669562
32.945596
18.729518
4.914618
10.477847
24.453732
38.865231
53.837985
69.378956
85.32712
78.620107
62.803975
47.476406
32.732626
18.505077
4.690564
10.414373
24.401217
38.833475
53.836737
69.417028
85.409617
78.493578
62.639271
47.282584
32.519174
18.280348
4.466939
10.350492
24.348202
38.801226
53.835241
69.454971
85.492259
78.366605
62.473954
47.088159
32.305245
18.055359
4.243898
10.286187
24.294626
38.768514
53.833329
69.492753
85.575058
78.239314
62.308215
46.893309
32.09099
17.830321
4.021528
10.221333
24.240532
38.735127
53.830898
69.530321
85.657853
78.111683
62.142028
46.698049
31.876513
17.605244
3.799917
10.155977
24.185779
38.701141
53.827982
69.567484
85.740589
77.98396
61.975563
46.502564
31.661898
17.380303
3.579217
10.089939
24.130304
38.666473
53.824392
69.60423
85.823157
77.856066
61.808903
46.306869
31.447289
17.155544
3.359685
10.023199
24.074026
38.630901
53.820074
69.640479
85.905447
77.728251
61.642167
46.111108
31.232752
16.93109
3.141413
9.955803
24.016903
38.59459
53.814974
69.676118
85.987411
77.60056
61.47544
45.915428
31.018383
16.707116
2.924556
9.887568
23.958901
38.557243
53.808985
69.71107
86.068999
77.473065
61.308815
45.719888
30.804399
16.483637
2.709366
9.818466
23.899983
38.518932
53.80205
69.745219
86.149964
77.345902
61.142384
45.524594
30.590768
16.260867
2.496057
9.748492
23.839983
38.479486
53.794147
69.778502
86.230318
77.219119
60.976299
45.329696
30.377658
16.038782
2.284774
9.677504
23.778889
38.43894
53.785032
69.810856
86.309941
77.09293
60.810625
45.135258
30.165223
15.817656
2.075786
9.605554
23.716639
38.39716
53.774744
69.842143
86.388717
76.967311
60.645462
44.941391
29.953472
15.597449
1.869299
9.532488
23.653221
38.354056
53.763245
69.872237
86.466584
76.842497
60.48102
44.748249
29.742649
15.378324
1.665523
9.45836
23.588487
38.309615
53.750298
69.901152
86.543422
76.71848
60.317293
44.555946
29.532729
15.160414
1.464671
9.382966
23.522408
38.263708
53.735913
69.92864
86.619099
76.59547
60.154496
44.364552
29.323988
14.943884
1.267065
9.30635
23.454937
38.21632
53.720013
69.954773
86.693496
76.47348
59.99265
44.174141
29.116353
14.72877
1.072809
9.228481
23.385965
38.167322
53.702456
69.979341
86.766541
76.352676
59.831982
43.985007
28.910127
14.515153
0.882287
9.149238
23.315499
38.116658
53.683236
70.002271
86.838167
76.2332
59.672456
43.797096
28.705296
14.303242
0.695544
9.06857
23.243421
38.064284
53.662247
70.023509
86.908176
76.115132
59.514335
43.610617
28.502058
14.09308
0.512913
8.986482
23.169723
38.010094
53.639355
70.042879
86.976566
75.998586
59.357674
43.425655
28.300425
13.884821
0.334614
8.902923
23.094332
37.95408
53.614476
70.060323
87.043129
75.883709
59.202567
43.242338
28.100657
13.678609
0.160811
8.817771
23.017137
37.896071
53.587626
70.075806
87.107792
75.770558
59.049194
43.060794
27.90277
13.474432
8.7311
22.938198
37.836083
53.558628
70.089121
87.170406
75.659287
58.897622
42.881112
27.706918
13.272564
8.64273
22.857318
37.774042
53.527447
70.100251
87.230962
75.550067
58.748069
42.703473
27.513231
13.073027
8.552727
22.774564
37.709828
53.493941
70.109026
87.289247
75.442948
58.600554
42.52797
27.321756
12.87594
8.461025
22.689895
37.643489
53.458124
70.115425
87.345238
75.338042
58.455232
42.354746
27.132735
12.681442
8.367525
22.603166
37.574878
53.419851
70.119318
87.398721
75.235484
58.312216
42.183852
26.94614
12.489644
8.27226
22.514335
37.503907
53.379083
70.12066
87.449737
75.135425
58.171679
42.015484
26.762272
12.300656
8.175207
22.423447
37.43064
53.335725
70.119295
87.497993
75.037956
58.033765
41.849741
26.58108
12.114625
8.076276
22.330406
37.35495
53.289724
70.11511
87.543468
74.94327
57.898469
41.686777
26.402814
11.931536
7.975499
22.235224
37.276724
53.240996
70.108078
87.586131
74.851346
57.766011
41.526658
26.227427
11.751623
7.872846
22.137789
37.196013
53.189486
70.098101
87.625751
74.762465
57.636504
41.369496
26.05523
11.57498
7.768234
22.038106
37.112754
53.135056
70.085061
87.662224
74.676631
57.510081
41.2155
25.886235
11.401621
7.661692
21.936177
37.026897
53.077742
70.068929
87.69559
74.593912
57.386842
41.064735
25.72051
11.231798
7.553246
21.831984
36.938392
53.0175
70.049537
87.725606
74.514583
57.266926
40.91733
25.558291
11.065539
7.442757
21.725382
36.847175
52.954178
70.02683
87.752165
74.438671
57.150401
40.77341
25.399597
10.902925
7.330373
21.616502
36.753261
52.887826
70.000837
87.775301
74.36634
57.03745
40.633048
25.244586
10.744093
7.216012
21.505282
36.656628
52.81829
69.971348
87.794764
74.297567
56.928201
40.496428
25.09342
10.58908
7.0997
21.39174
36.557239
52.745621
69.938393
87.810582
74.232588
56.822713
40.363631
24.946037
10.438135
6.981423
21.275792
36.455126
52.669721
69.901866
87.822576
74.171526
56.721118
40.234839
24.802719
10.291202
6.861147
21.157515
36.35015
52.590574
69.861665
87.830771
74.114431
56.623612
40.110008
24.663518
10.148442
6.738974
21.036872
36.242424
52.508149
69.817796
87.834909
74.061363
56.530143
39.989411
24.528493
10.00998
6.614932
20.913864
36.131913
52.422487
69.770225
87.835092
74.012531
56.440988
39.873059
24.397763
9.875835
6.488958
20.788608
36.018549
52.333438
69.718845
87.831127
73.967958
56.356118
39.761095
24.271446
9.746114
6.361129
20.660931
35.902383
52.241044
69.66362
87.822968
73.92771
56.275738
39.653662
24.149661
9.620948
6.231446
20.531035
35.783505
52.145375
69.604516
87.810573
73.892001
56.199881
39.550778
24.032416
9.500338
6.100001
20.398869
35.661877
52.046284
69.54152
87.793891
73.86079
56.128677
39.452582
23.919926
9.384419
5.966837
20.264521
35.537461
51.943917
69.474573
87.772807
73.834196
56.062242
39.359147
23.812258
9.273326
5.83195
20.12794
35.41037
51.838239
69.403714
87.747274
73.812317
56.000573
39.270573
23.709397
9.166994
5.695433
19.98928
35.280609
51.729163
69.32889
87.717316
73.795233
55.943924
39.187022
23.611471
9.065623
5.557345
19.848492
35.148202
51.616898
69.250046
87.682818
73.782945
55.892197
39.108459
23.518588
8.969159
5.41724
19.705736
35.013291
51.501305
69.16734
87.643738
73.775674
55.845549
39.035093
23.430818
8.877804
5.27634
19.560967
34.875829
51.382523
69.080583
87.600103
73.773259
55.804123
38.966898
23.348271
8.791438
5.134149
19.414348
34.735907
51.260551
68.989895
87.551871
73.775921
55.767857
38.903938
23.270903
8.710334
4.990658
19.26586
34.593598
51.135422
68.895273
87.499086
73.783689
55.736874
38.846381
23.198917
8.634373
4.846047
19.115711
34.448995
51.007318
68.7968
87.441625
73.796541
55.711315
38.794195
23.132236
8.563691
4.700446
18.963827
34.302159
50.876114
68.694382
87.379532
73.814502
55.6911
38.747551
23.071066
8.49831
4.55378
18.810439
34.153133
50.742053
68.588249
87.312852
73.837629
55.676352
38.706362
23.015305
8.438253
4.406249
18.655601
34.002097
50.605117
68.478269
87.24155
73.866008
55.66713
38.670756
22.965126
8.383577
4.257969
18.499407
33.84912
50.465401
68.364681
87.165597
73.899525
55.663391
38.640842
22.92052
8.334315
4.10908
18.341914
33.694312
50.323059
68.247333
87.085203
73.938294
55.665215
38.616551
22.881541
8.290472
3.959583
18.183263
33.537746
50.178128
68.126513
87.000264
73.98228
55.672637
38.597979
22.848206
8.252134
3.809679
18.023639
33.379617
50.030726
68.002133
86.910844
74.031454
55.685734
38.585124
22.820567
8.219262
3.65956
17.863146
33.219985
49.881007
67.87449
86.817
74.085828
55.704355
38.578022
22.798588
8.191914
3.509242
17.701787
33.059029
49.729087
67.743475
86.718803
74.145337
55.728652
38.576703
22.782372
8.170059
3.358863
17.539839
32.896818
49.575083
67.609296
86.616322
74.210039
55.758531
38.581223
22.771857
8.153773
3.208688
17.377431
32.733574
49.419116
67.47208
86.509708
74.279808
55.793997
38.591453
22.767143
8.143005
3.058796
17.214573
32.569333
49.261358
67.331885
86.398887
74.354598
55.835135
38.607535
22.768155
8.137767
2.909336
17.051527
32.40438
49.101995
67.188951
86.284099
74.434402
55.88178
38.629335
22.774912
8.138006
2.760449
16.888406
32.238832
48.941055
67.043299
86.165429
74.519136
55.933967
38.656901
22.7874
8.143813
2.612344
16.725374
32.072788
48.778833
66.895089
86.042973
74.608666
55.991626
38.69024
22.805588
8.155116
2.465174
16.562547
31.906465
48.615418
66.744585
85.916831
74.702973
56.054769
38.72934
22.829555
8.171876
2.319018
16.400087
31.740024
48.451051
66.591854
85.787099
74.802032
56.123295
38.774054
22.859127
8.194099
2.174159
16.238183
31.573568
48.285778
66.43717
85.654054
74.90562
56.197207
38.824468
22.894421
8.221725
2.030742
16.076953
31.407345
48.119958
66.280574
85.517633
75.013606
56.276313
38.880461
22.935295
8.254767
1.888858
15.916608
31.241596
47.953696
66.122277
85.3782
75.126028
56.360564
38.941976
22.981744
8.293096
1.748722
15.757294
31.076365
47.787139
65.96243
85.2358
75.242724
56.449907
39.008942
23.033673
8.336786
1.610549
15.599149
30.911944
47.620502
65.801365
85.090622
75.363471
56.544306
39.081319
23.091048
8.385705
1.474365
15.442351
30.748343
47.453992
65.6392
84.942895
75.488136
56.643572
39.159051
23.153884
8.439858
1.340449
15.287055
30.585964
47.287772
65.476095
84.792734
75.616699
56.747594
39.242032
23.222023
8.499119
1.208827
15.133457
30.424843
47.122164
65.312213
84.640282
75.7489
56.856259
39.330085
23.295476
8.563468
1.079776
14.981722
30.265223
46.95728
65.147897
84.485839
75.884573
56.969513
39.423315
23.373979
8.632784
0.953385
14.831969
30.107311
46.793226
64.983275
84.329547
76.023546
57.087148
39.521421
23.457662
8.707063
0.829805
14.684365
29.951242
46.630381
64.818554
84.171633
76.165702
57.208989
39.624361
23.546318
8.786235
0.709123
14.539122
29.797195
46.468858
64.65401
84.012327
76.310861
57.335038
39.732012
23.639882
8.870076
0.591488
14.396372
29.645373
46.308819
64.489742
83.851772
76.45874
57.464939
39.844325
23.738203
8.95866
0.477049
14.256278
29.495911
46.150481
64.3261
83.690202
76.609211
57.598702
39.961029
23.84121
9.05177
0.365825
14.119003
29.349019
45.994113
64.163186
83.527854
76.762159
57.736077
40.082055
23.948773
9.149378
0.258026
13.984641
29.204889
45.839826
64.001314
83.364968
76.917194
57.876893
40.207334
24.060823
9.251369
0.153606
13.853367
29.063666
45.687938
63.840619
83.201683
77.074275
58.021015
40.336572
24.177151
9.357624
0.052773
13.725421
28.925573
45.538555
63.68131
83.038332
77.233164
58.168249
40.469758
24.297683
9.468014
13.600826
28.790646
45.391832
63.523696
82.875055
77.393576
58.318346
40.606583
24.422212
9.582436
13.479753
28.65921
45.247978
63.367947
82.712105
77.555251
58.471186
40.74697
24.550678
9.700819
13.362369
28.531293
45.107198
63.214158
82.549693
77.718158
58.626499
40.890775
24.682841
9.822929
13.248774
28.407056
44.969639
63.06267
82.388071
77.881891
58.78416
41.037747
24.81867
9.948669
13.139163
28.286745
44.835553
62.913609
82.227376
78.046348
58.943868
41.187734
24.957948
10.077961
13.033549
28.170416
44.704978
62.76724
82.067919
78.211255
59.105521
41.340579
25.100544
10.210565
12.932173
28.058248
44.578157
62.623718
81.909924
78.376427
59.268814
41.496084
25.246205
10.346465
12.835026
27.950295
44.455279
62.483123
81.753536
78.54154
59.433683
41.654093
25.39483
10.485493
12.742246
27.846821
44.336423
62.345818
81.598975
78.706525
59.599779
41.814337
25.546252
10.627412
12.654061
27.747778
44.221768
62.211873
81.446542
78.87106
59.766891
41.976655
25.70037
10.772139
12.570425
27.653394
44.111438
62.081501
81.296266
79.034902
59.934816
42.140833
25.856825
10.9195