29
88
114
151
177
149
171
134
109
75
17
123
239
295
352
336
317
311
213
121
30
97
263
201
279
296
318
264
174
92
29
107
183
210
252
372
328
308
138
93
29
162
146
212
353
283
311
270
102
67
30
146
189
257
330
335
302
265
188
114
29
98
150
185
195
204
214
158
131
88
29
101
163
245
327
352
388
250
164
123
30
106
168
213
238
247
239
213
169
108
27
82
118
148
141
158
166
134
135
77
31
117
194
247
283
324
290
254
197
120
30
125
198
264
300
281
306
282
178
173
29
107
165
289
280
281
260
208
167
117
22
71
147
151
276
155
262
137
147
75
20
56
170
197
218
188
248
295
169
75
30
149
231
276
335
331
344
283
217
129
23
92
129
262
228
345
319
250
203
119
40
30
119
198
333
296
328
304
288
219
127
40
33
144
312
218
332
312
291
208
159
109
41
28
99
169
170
189
195
190
173
142
99
41
33
75
235
308
220
230
331
157
184
82
34
31
75
135
298
419
152
124
244
223
204
46
29
88
136
159
172
179
178
163
136
95
43
29
81
118
145
160
166
162
148
124
88
42
30
117
146
171
244
349
348
174
156
119
66
32
167
160
197
375
317
259
242
189
122
49
26
66
201
261
514
316
299
347
219
156
52
29
107
166
208
256
211
198
373
135
95
45
31
108
137
309
195
279
290
324
146
98
40
32
122
163
212
240
358
245
251
176
113
44
27
116
196
352
390
410
318
305
215
128
43
26
92
187
190
215
305
217
321
258
145
58
27
86
174
256
339
357
239
174
231
98
43
27
84
196
163
239
288
233
210
314
121
54
32
99
199
346
337
329
322
228
248
116
56
34
96
184
187
282
224
219
201
191
119
57
36
97
142
182
190
195
195
181
156
112
57
40
152
242
370
461
442
460
338
323
174
71
41
151
266
353
406
421
405
370
292
183
68
46
116
218
219
243
253
247
227
189
133
65
0
37
110
202
336
233
336
382
243
218
144
70
0
39
105
172
226
236
245
379
220
184
131
64
0
43
109
283
201
285
318
489
224
188
181
65
0
56
187
279
384
440
466
454
407
318
198
74
0
44
126
279
447
335
374
377
274
225
146
68
0
46
200
232
399
356
354
374
345
267
179
75
0
36
146
249
318
359
458
387
342
253
170
73
0
55
150
270
313
234
243
282
240
225
123
70
0
45
110
160
446
552
292
404
323
207
99
51
0
38
84
128
306
497
496
470
250
241
130
75
0
26
84
87
186
156
215
192
234
111
67
36
0
41
101
163
207
279
243
243
291
225
118
51
0
35
77
213
164
171
248
154
259
120
106
38
0
39
110
228
128
260
424
190
401
207
82
66
0
45
135
248
297
339
353
345
298
268
132
54
0
44
110
241
272
243
286
262
288
175
137
60
0
47
204
277
326
407
642
411
481
308
196
82
1
47
116
175
249
308
476
243
223
236
130
78
1
40
99
152
220
193
200
271
269
211
127
52
1
48
112
165
312
297
403
225
521
174
124
93
1
43
183
188
141
320
381
176
196
121
131
52
1
45
115
187
276
211
467
423
230
134
176
55
1
54
152
296
340
376
436
593
432
437
218
92
2
74
175
282
340
393
471
416
371
381
143
68
2
78
173
266
265
369
436
375
584
345
198
108
2
88
189
299
301
348
304
288
259
209
139
76
3
57
238
384
323
422
384
501
297
352
176
86
2
77
226
331
425
706
577
504
437
347
223
101
4
72
199
190
255
259
352
236
543
155
163
62
3
51
135
130
345
291
331
333
229
206
100
66
3
78
97
242
164
369
278
346
282
243
198
85
5
83
177
254
306
335
346
337
310
260
186
95
7
51
229
202
288
311
181
279
144
166
94
91
7
62
166
213
258
472
502
339
244
245
131
77
5
66
202
307
421
457
518
496
357
313
196
92
7
70
209
348
440
543
421
471
370
300
165
100
7
135
180
322
308
335
498
342
422
366
185
110
8
87
174
286
296
448
473
445
340
250
230
94
9
89
191
307
370
376
469
420
416
351
228
97
11
60
147
278
275
309
273
192
172
135
135
70
8
62
133
161
231
319
189
212
223
148
111
63
13
67
152
214
236
423
488
478
431
272
248
99
8
103
231
351
489
489
702
564
429
352
272
135
10
63
196
298
267
222
255
272
316
226
150
83
13
65
185
321
282
281
396
406
325
393
265
88
14
93
205
228
319
353
451
500
284
262
178
97
15
86
283
246
371
525
320
332
214
348
188
77
16
114
228
333
479
451
519
598
463
344
234
123
17
107
216
292
389
472
483
411
378
331
213
108
18
83
138
239
278
283
268
307
466
228
230
86
15
87
185
288
397
596
302
450
406
307
212
103
15
106
180
253
455
331
340
330
409
311
217
106
16
70
152
143
336
421
362
323
310
268
207
109
21
86
149
287
406
363
522
433
296
213
174
84
23
93
180
262
313
233
405
320
360
252
186
94
24
161
245
353
279
346
441
321
235
288
178
88
26
129
294
405
333
529
362
660
332
308
214
103
20
100
161
252
414
403
332
253
466
311
187
101
27
184
270
431
346
396
379
420
423
274
185
84
27
107
175
305
297
472
370
287
312
278
214
104
43
118
215
270
436
423
376
390
328
253
185
101
30
134
254
313
333
465
421
383
340
354
243
113
37
112
222
300
498
550
386
297
284
189
233
76
42
130
229
308
411
483
313
304
360
338
224
117
35
150
280
388
469
520
583
488
453
356
317
123
35
123
224
316
407
369
471
561
346
316
219
135
38
143
249
330
386
415
417
405
370
315
227
119
36
105
178
265
243
238
309
303
253
210
175
122
37
131
220
296
486
561
438
427
341
389
200
112
39
111
191
323
339
410
478
461
384
414
149
90
0
50
122
204
249
285
668
440
298
404
284
141
80
0
37
80
210
162
315
440
309
338
140
166
169
61
0
40
104
195
197
288
372
373
397
393
293
138
70
0
36
100
160
257
292
439
404
378
381
245
183
172
0
41
151
237
195
306
418
530
325
342
149
124
87
0
52
116
197
261
345
512
403
320
293
288
176
92
0
36
126
185
240
360
374
377
368
487
281
208
151
0
44
105
374
322
438
216
391
287
226
296
239
90
0
50
162
310
389
608
494
609
479
530
422
252
126
0
49
152
257
337
383
419
425
419
531
250
180
95
0
40
165
285
390
624
527
576
685
511
393
249
125
1
47
85
222
267
400
361
589
299
302
210
194
110
0
46
95
152
233
289
285
340
296
318
278
162
90
0
41
170
256
316
270
519
572
476
488
283
262
112
1
42
108
208
299
404
440
326
524
555
309
209
113
0
55
158
261
354
420
450
565
466
438
356
276
124
1
56
168
305
435
629
557
556
524
588
397
279
137
1
55
218
207
251
317
383
433
334
325
274
277
121
1
57
167
281
371
491
463
585
457
416
378
250
128
1
50
82
193
160
158
364
279
165
129
181
89
68
1
58
152
239
403
353
603
506
561
368
424
223
120
1
55
192
261
314
273
422
386
576
337
350
163
120
1
61
192
299
403
445
480
493
556
356
385
293
123
1
71
113
253
315
239
329
335
441
432
280
152
120
1
64
98
198
260
365
292
227
334
285
184
153
100
1
66
182
299
390
452
485
493
464
434
363
262
141
2
61
134
213
284
382
455
360
437
317
356
231
110
2
58
130
187
357
299
439
300
380
555
264
138
108
1
44
103
130
171
212
297
189
460
324
191
118
76
2
61
113
263
306
448
363
476
403
468
433
192
116
2
41
80
207
205
237
210
209
301
204
342
178
85
2
66
180
298
414
456
538
537
503
544
368
342
141
2
83
154
287
405
357
411
400
530
412
276
216
128
3
89
128
263
286
263
361
447
240
319
301
296
101
2
57
133
258
292
325
337
479
415
208
232
318
92
2
65
152
373
278
478
518
384
508
394
345
228
133
38
2
77
143
339
316
283
357
537
388
354
353
246
118
38
3
80
175
151
347
334
322
270
381
321
295
254
90
38
2
69
196
298
398
547
562
567
593
503
374
301
161
42
2
50
117
205
179
321
343
263
226
216
171
139
83
36
3
70
181
362
413
443
475
510
484
426
343
257
151
44
2
68
179
269
347
428
484
552
660
386
329
333
140
41
3
62
142
236
298
471
292
416
462
279
368
236
103
38
3
71
190
310
454
458
495
503
485
440
528
269
145
41
2
52
96
261
212
382
410
268
215
138
204
170
84
40
3
61
144
326
322
424
314
511
514
356
312
146
98
43
2
52
158
183
146
139
395
444
309
339
131
98
66
30
3
53
138
227
404
346
508
379
414
335
282
242
131
34
2
46
144
174
375
273
487
372
430
345
220
162
85
33
2
71
132
194
388
510
460
416
366
376
229
275
133
43
3
66
155
235
386
589
438
363
451
421
324
225
138
47
3
91
154
240
314
399
431
639
440
327
329
220
133
59
2
57
196
195
301
452
244
374
231
403
219
154
102
42
2
62
181
263
320
282
249
432
359
291
267
178
98
45
2
65
161
255
355
560
597
415
451
426
529
266
144
47
2
68
231
377
164
245
213
196
192
183
183
124
111
40
2
56
110
174
191
251
235
269
248
286
206
174
137
44
2
56
144
216
318
510
449
545
460
141
377
216
124
49
2
77
123
183
219
254
572
524
431
367
440
290
105
35
2
62
159
217
398
441
212
462
432
439
304
238
125
47
2
63
148
254
331
346
430
580
415
474
351
185
119
47
2
66
161
273
311
406
391
522
472
443
289
258
179
52
2
66
181
257
315
385
340
403
435
415
334
333
187
50
2
65
185
365
319
210
485
379
464
260
367
240
140
48
2
56
142
205
288
467
354
258
240
350
335
231
83
43
2
58
123
233
221
372
479
365
527
398
174
188
91
61
2
44
72
260
152
418
521
292
220
255
284
119
110
42
3
60
117
141
277
509
469
389
239
320
442
193
141
51
2
61
172
292
337
604
503
535
512
548
404
269
152
53
2
58
138
225
265
324
583
321
514
334
245
305
170
50
2
56
148
207
282
380
310
349
343
263
223
205
141
58
2
64
157
276
377
431
458
451
497
366
356
240
166
55
2
59
193
242
266
336
409
325
413
359
318
253
121
53
1
59
225
391
249
294
357
451
409
384
265
177
130
66
1
57
144
347
363
337
287
375
390
378
283
190
132
52
1
60
152
247
309
425
497
423
525
596
451
265
224
56
1
56
126
197
298
293
351
540
359
378
431
206
141
54
1
74
151
268
299
344
369
509
470
346
382
233
176
55
1
47
91
137
270
398
540
361
581
363
248
166
89
44
1
60
131
189
386
484
412
359
463
259
337
171
126
68
1
54
134
233
330
359
481
335
323
362
462
258
123
55
1
52
167
154
212
323
296
508
294
280
361
153
99
39
1
34
68
106
235
275
352
209
307
331
159
90
80
47
0
42
113
182
235
324
330
297
291
300
234
235
111
40
1
41
156
196
182
340
172
278
413
361
243
125
163
40
1
52
144
242
275
275
267
417
373
358
327
217
95
45
0
53
142
238
467
372
351
469
382
338
398
181
119
50
0
43
117
179
198
358
351
418
272
304
290
171
132
45
0
40
137
184
254
371
444
370
293
460
239
210
135
49
0
46
103
151
241
428
474
386
485
368
339
242
102
45
0
38
91
213
199
182
350
375
145
252
313
234
127
40
0
39
83
132
127
139
237
265
314
343
265
184
106
43
0
46
115
284
217
244
427
522
464
437
222
293
146
48
0
48
139
282
435
600
367
482
294
273
310
181
120
47
0
44
119
213
305
301
390
538
382
406
337
233
103
46
0
34
187
165
279
198
333
273
185
224
140
114
97
36
0
38
79
113
175
236
195
206
211
181
340
160
104
36
0
42
111
139
285
320
370
467
397
178
261
324
94
33
0
32
72
158
352
221
396
391
366
208
324
152
102
40
0
40
142
230
357
368
347
578
294
299
197
140
118
46
0
35
97
182
249
454
623
432
271
525
235
244
127
36
0
41
128
230
265
399
477
626
582
329
274
279
113
41
0
61
163
233
323
228
252
507
359
226
400
207
116
41
0
42
123
187
421
269
533
293
493
430
237
297
118
52
0
51
130
232
349
379
412
389
234
313
257
211
99
47
0
39
191
277
388
402
406
361
457
405
292
143
131
44
0
41
87
265
313
524
474
315
182
443
158
239
173
28
0
36
81
239
266
382
338
410
258
537
341
231
83
35
0
42
163
232
244
388
433
305
489
338
354
290
125
0
38
71
122
283
305
410
375
375
402
239
297
190
0
40
152
205
264
372
293
562
289
389
191
206
91
0
29
82
234
202
271
457
402
291
262
279
211
114
52
133
226
295
435
296
395
360
436
334
331
85
34
121
266
301
317
379
368
449
192
267
176
193
35
114
269
331
225
218
218
270
263
314
134
139
31
91
118
131
174
294
181
189
131
211
144
145
32
122
257
216
407
420
266
289
315
234
157
120
38
167
230
324
390
507
492
391
453
328
190
111
40
154
151
290
247
376
249
190
179
143
120
78
32
101
228
249
317
411
435
309
424
272
231
116
32
100
127
214
439
361
379
207
249
293
299
150
23
82
103
232
164
229
479
368
317
293
251
128
28
83
209
204
359
397
409
427
296
327
251
124
33
123
341
331
363
412
304
523
404
320
186
110
32
166
242
165
204
203
576
564
401
267
245
97
29
87
155
313
309
434
320
397
280
157
185
82
32
117
217
296
310
390
403
365
291
238
172
102
31
100
168
275
344
331
455
190
251
256
213
111
19
45
100
202
345
252
203
292
318
310
192
72
31
121
209
290
520
471
440
428
432
340
210
130
31
153
217
285
554
290
428
349
295
346
128
80
27
85
252
451
296
328
210
205
212
139
99
77
31
103
152
223
217
281
253
268
230
212
147
114
28
91
162
257
409
418
527
330
188
283
224
54
29
75
151
166
184
297
258
416
350
336
131
69
28
90
168
288
334
486
429
407
237
296
165
87
32
86
334
276
310
341
344
332
272
287
174
77
29
121
285
216
187
233
276
362
190
216
119
79
30
87
148
238
394
396
414
338
298
179
187
90
23
61
87
156
177
317
238
321
306
165
122
48
25
61
144
174
252
227
502
298
307
264
144
80
25
94
120
184
384
366
464
242
245
238
238
68
22
64
137
176
239
302
242
307
335
299
130
83
26
84
129
205
418
209
510
395
280
255
212
83
25
101
258
337
328
228
290
475
405
331
146
78
20
76
127
274
392
498
239
243
323
235
280
73
22
70
96
312
201
329
402
421
212
93
74
46
20
93
192
272
430
498
195
209
352
148
168
71
23
123
197
358
394
328
275
285
198
229
197
73
26
170
241
431
377
341
411
331
334
329
170
95
23
82
151
160
371
244
306
257
274
276
140
102
24
169
145
268
481
405
475
218
325
279
154
65
22
74
160
306
237
333
281
399
267
187
118
55
19
75
166
158
326
438
223
475
216
212
106
104
21
115
195
279
254
171
363
386
230
288
114
79
21
73
135
373
202
390
426
422
296
194
98
58
22
98
238
414
392
326
464
201
354
190
138
63
21
80
146
235
426
382
451
239
184
220
212
54
22
86
147
225
286
306
388
402
283
354
185
53
20
127
130
263
358
438
371
457
338
256
118
67
21
76
115
144
193
204
256
183
153
130
96
51
20
73
122
155
155
164
241
253
215
128
127
53
22
108
189
252
292
353
360
423
353
250
143
59
20
100
300
318
265
482
345
228
378
321
152
49
27
78
208
214
335
306
321
430
370
204
121
66
15
90
268
272
250
180
446
435
226
218
200
37
19
149
207
350
315
326
459
334
414
145
136
38
14
57
122
141
306
350
308
157
193
240
91
43
19
114
190
246
405
485
306
408
312
210
155
65
17
68
160
277
273
311
592
423
269
269
100
43
21
125
157
194
235
208
389
357
267
292
96
47
16
120
203
254
278
377
220
268
249
211
173
38
21
124
168
230
216
216
358
367
389
189
104
39
19
78
124
151
147
118
130
225
167
97
73
41
16
79
162
283
322
233
290
296
305
179
120
15
60
90
113
144
141
136
135
122
98
77
15
73
225
258
210
189
191
187
165
135
107
15
76
148
145
226
384
413
191
211
220
144
15
78
159
164
188
461
284
268
323
207
116
15
122
140
277
300
346
316
461
393
290
134
14
61
145
203
283
198
290
202
159
129
86
12
59
126
333
365
415
345
349
198
156
93
9
39
160
278
261
306
161
354
217
160
69
12
58
97
135
133
277
271
462
282
153
74
12
55
82
133
161
280
276
225
221
158
120
8
59
152
245
322
151
295
173
76
226
149
12
76
214
315
272
203
473
387
288
140
160
10
55
206
161
127
136
133
148
120
97
80
11
66
169
185
166
177
178
170
162
141
94
11
85
150
226
261
310
259
267
217
167
104
10
57
112
136
147
145
133
146
118
96
66
9
49
77
113
144
140
113
118
108
98
80
9
79
158
243
367
439
285
204
222
88
81
9
58
270
256
376
484
399
303
299
172
67
9
73
123
128
163
158
257
321
261
96
126
8
66
150
226
200
229
216
194
216
188
118
8
49
74
109
105
149
170
125
175
99
58
8
85
138
170
211
223
222
196
266
175
171
7
83
116
186
182
220
214
246
185
228
110
8
69
130
125
130
129
159
191
122
96
78
7
67
185
205
192
244
219
263
225
231
79
6
57
146
284
208
340
265
208
265
232
73
6
57
123
222
292
370
326
364
228
149
88
6
83
176
254
309
331
333
330
303
203
110
5
61
102
205
245
186
293
329
317
123
63
5
48
76
129
197
212
272
310
324
163
70
6
64
225
195
322
217
271
239
191
105
80
4
88
142
155
120
154
148
181
251
159
84
4
68
131
239
260
274
388
303
222
171
89
3
82
210
216
264
186
318
342
253
174
64
4
56
117
321
153
313
338
201
350
110
95
3
68
133
184
217
231
232
235
205
148
88
3
48
78
111
132
171
154
135
186
142
73
3
73
169
252
309
335
381
343
273
193
100
2
36
89
134
128
222
334
183
196
100
44
2
62
118
156
267
311
259
238
152
178
77
2
68
162
238
305
326
305
313
265
177
94
3
55
125
190
264
217
213
197
208
186
84
1
61
139
260
235
266
272
454
221
164
89
1
84
95
220
301
249
325
284
222
238
60
1
70
108
231
175
297
487
410
161
205
83
1
61
103
143
166
235
172
195
231
122
72
1
46
149
172
298
301
392
220
231
106
57
1
51
116
331
244
261
237
193
174
137
81
1
82
126
96
279
199
245
153
144
154
65
0
42
117
143
174
362
240
343
241
119
67
0
52
123
184
247
327
333
284
208
190
92
0
40
120
210
190
337
375
173
203
128
80
0
46
112
201
411
385
234
268
251
128
79
0
55
91
204
133
285
259
230
278
136
48
0
63
106
180
397
229
200
153
164
103
67
0
45
94
131
156
169
177
168
147
115
73
0
49
121
200
253
201
219
193
255
150
102
0
45
138
263
276
384
307
289
109
147
76
0
44
149
191
220
404
226
244
177
153
98
0
44
145
227
255
305
339
422
227
157
109
0
45
171
175
178
196
263
237
184
142
66
0
38
98
129
192
215
231
208
202
133
113
0
33
125
159
223
284
359
248
234
173
75
0
56
135
276
342
336
310
213
189
155
87
0
42
138
232
298
329
387
365
273
196
102
0
48
91
165
300
452
415
285
261
216
109
0
21
62
123
120
157
312
127
108
116
92
0
47
142
140
126
217
263
291
191
95
60
33
135
160
168
178
179
178
191
151
71
42
102
151
185
205
210
261
178
138
85
38
117
182
228
254
260
249
218
167
99
30
139
196
113
127
130
128
116
93
63
35
97
199
189
207
247
307
209
165
86
33
108
157
167
197
181
278
209
214
85
32
83
119
145
159
163
157
141
113
75
35
117
185
234
262
270
259
228
175
104
29
71
101
122
133
137
132
119
97
66
34
133
231
306
350
362
346
298
219
119
32
96
145
179
198
203
196
175
140
90