103
353
626
680
686
790
708
729
616
416
0
8
101
273
280
253
115
202
115
51
7
76
257
509
487
459
300
344
235
12
6
51
161
510
380
210
141
313
460
268
3
69
11
128
66
38
68
82
53
51
0
52
212
409
393
350
382
326
239
129
50
345
484
599
692
700
669
652
582
391
0
74
37
39
35
186
203
120
59
65
17
232
436
562
618
631
616
561
434
251
56
414
606
710
801
730
698
727
611
486
5
150
312
414
479
463
446
377
289
111
13
113
143
62
65
56
75
14
176
36
3
2
25
16
18
8
9
27
56
26
0
1
5
31
4
4
20
3
6
4
0
35
61
20
56
67
3
1
52
24
0
11
19
68
30
56
47
9
21
5
0
14
5
3
213
376
353
348
367
257
23
2
88
249
267
293
446
457
313
246
58
1
1
19
36
51
128
458
502
530
502
338
52
2
183
517
686
733
751
733
692
531
416
90
0
8
33
56
50
27
7
21
8
7
3
7
37
53
81
229
27
44
56
70
88
31
56
307
476
630
684
756
737
680
640
467
126
99
439
658
741
796
804
798
753
673
512
163
34
254
515
597
607
367
329
204
65
33
4
12
64
146
4
187
484
564
435
437
320
53
0
4
9
35
11
26
117
97
41
56
2
7
73
130
192
395
116
83
119
1
39
5
1
10
19
2
25
39
61
32
15
4
1
0
6
11
2
26
6
2
5
0
2
0
0
0
3
18
2
7
2
1
13
1
0
0
11
40
35
2
3
24
196
308
248
33
0
1
5
4
35
66
4
2
8
5
1
0
1
11
21
77
238
103
99
99
30
13
0
8
76
111
149
180
86
1
73
3
3
7
72
47
653
554
718
710
664
488
422
115
84
422
616
633
705
773
720
707
620
444
151
1
56
39
225
222
144
200
64
114
78
5
1
72
201
282
358
344
322
319
230
105
6
1
324
383
621
672
694
617
634
544
393
91
0
3
222
197
235
635
343
109
425
201
99
10
0
6
41
526
575
672
694
301
639
506
379
123
0
49
77
92
177
548
544
242
639
549
84
124
0
0
5
30
209
230
286
262
215
163
70
3
0
2
59
112
132
200
130
230
154
431
55
2
0
1
27
111
62
84
247
425
374
316
194
27
0
0
38
313
334
465
364
247
224
86
37
2
0
0
1
117
7
2
4
4
2
25
0
3
0
7
14
51
71
33
212
163
57
37
5
1
0
0
10
19
153
93
97
55
19
57
14
5
0
0
6
18
8
4
2
4
9
1
42
10
0
0
1
4
16
18
36
2
1
1
6
0
0
0
3
8
3
17
24
0
2
7
32
3
0
6
38
146
5
56
81
4
198
66
23
27
0
0
1
5
2
0
48
1
17
1
0
0
0
1
3
1
3
108
4
3
3
32
6
1
0
0
9
84
13
22
70
95
37
27
10
4
0
0
3
7
4
4
8
1
4
5
30
9
0
1
1
1
18
24
7
9
95
68
18
3
0
3
6
2
8
71
79
8
55
5
5
1
0
4
4
2
6
2
33
34
31
8
2
0
0
1
77
59
9
11
301
106
71
10
8
3
0
0
0
1
18
25
20
73
70
13
18
1
0
15
203
287
359
490
377
181
224
86
3
1
0
1
16
15
3
22
41
38
9
39
12
3
0
0
10
30
3
0
5
2
1
1
1
0
0
0
100
201
327
265
99
90
47
43
12
0
0
0
22
18
52
23
0
12
35
27
4
1
0
32
9
33
6
0
26
35
62
6
1
0
0
1
40
3
2
4
4
11
1
31
5
1
0
8
5
6
13
128
353
331
381
219
142
69
0
82
300
463
551
602
614
600
559
443
331
82
1
3
43
16
1
4
3
6
3
4
3
40
0
1
21
7
7
81
93
8
7
8
0
15
0
0
48
238
172
283
167
232
250
202
41
11
0
0
18
34
4
106
82
178
129
94
1
8
0
1
19
33
49
91
100
77
50
184
19
22
0
2
37
250
68
191
91
179
104
38
42
20
0
26
137
339
312
467
440
150
228
259
39
62
1
4
120
168
87
34
18
6
12
4
1
17
0
0
2
7
2
9
7
1
3
1
20
3
0
7
38
86
100
67
75
210
68
144
66
73
0
2
14
27
83
128
68
43
70
11
12
1
0
2
2
7
21
44
62
728
554
370
384
211
1
9
35
62
100
97
92
88
79
47
95
11
0
17
65
78
84
555
78
87
582
371
89
56
7
241
193
375
85
177
187
552
162
92
47
2
0
3
51
36
170
306
354
48
288
259
135
20
0
5
28
234
214
414
396
432
330
326
210
61
8
3
48
78
85
649
675
75
176
537
205
93
0
4
12
33
101
54
36
21
41
136
14
12
0
1
2
5
52
5
8
3
16
41
16
8
0
3
7
9
3
204
280
555
541
397
204
64
4
14
10
31
105
166
129
192
308
422
415
127
1
54
126
374
299
113
271
203
472
420
397
234
1
28
88
70
159
94
204
125
101
343
196
78
4
17
46
41
54
185
248
81
94
48
30
30
0
2
9
131
79
58
30
2
55
146
76
27
0
18
21
46
42
36
96
67
81
23
10
1
1
21
66
42
20
257
567
664
574
486
85
22
0
11
57
214
133
90
78
61
73
8
29
6
0
4
7
17
12
3
17
5
34
28
22
0
5
180
150
178
141
171
57
3
59
40
5
1
0
7
30
16
81
52
43
39
62
238
235
75
0
47
172
283
328
366
341
363
250
208
64
8
1
29
63
119
294
182
147
13
366
174
173
38
3
133
279
351
495
519
539
532
478
397
272
91
36
330
512
552
664
754
475
658
648
557
457
147
0
17
57
87
111
253
465
407
221
87
58
42
20
297
299
265
513
325
253
185
115
75
46
14
0
1
15
38
45
34
101
179
81
4
105
5
19
0
2
4
55
58
9
65
26
12
63
4
28
17
0
4
26
39
15
125
244
29
0
6
9
1
1
0
0
2
20
52
77
245
193
435
113
77
32
14
0
0
21
50
80
144
56
21
1
1
4
26
2
0
0
2
16
3
13
2
0
6
5
5
3
1
0
0
1
4
4
1
26
55
1
62
126
25
6
0
9
96
112
113
85
181
219
339
252
122
89
80
0
0
15
91
103
111
136
60
50
103
78
21
8
0
0
16
25
43
208
71
105
69
40
31
0
1
0
0
7
51
55
65
302
285
62
195
70
15
3
0
14
0
26
76
66
11
21
1
161
89
14
21
0
0
2
3
3
2
1
10
39
8
6
11
1
0
0
2
149
66
0
131
241
137
70
30
182
87
0
0
1
18
44
99
38
35
155
100
133
94
62
0
0
1
10
25
196
145
217
51
83
122
54
10
0
0
1
5
97
54
221
191
112
143
114
94
11
0
1
29
102
7
72
79
171
162
181
254
78
68
0
0
11
36
47
180
87
91
50
35
38
68
2
0
12
4
4
1
12
126
5
8
8
5
68
2
0
1
0
48
158
140
132
112
163
121
55
4
11
0
4
80
89
90
98
163
513
115
227
84
127
34
0
2
14
189
288
416
337
174
201
88
99
61
8
0
19
54
316
269
355
555
336
74
250
238
136
44
0
16
187
57
171
172
106
167
121
583
592
471
310
0
6
109
237
322
401
431
441
408
378
281
197
64
0
65
289
423
381
489
470
523
331
485
308
167
193
0
5
24
157
83
77
108
140
130
167
151
4
24
0
1
4
4
28
7
63
7
54
6
7
3
3
0
5
0
29
64
199
294
321
171
104
60
48
10
0
2
2
0
43
23
0
46
8
76
122
9
33
0
0
10
43
102
81
324
388
102
85
49
38
9
0
14
22
154
17
116
126
213
61
125
130
116
47
0
19
21
43
82
84
253
122
179
488
337
99
41
0
61
12
103
363
512
515
427
97
98
69
128
21
0
15
23
43
126
74
70
137
72
157
65
90
45
3
0
8
47
39
454
107
135
109
411
216
210
255
49
8
0
17
84
113
66
89
118
96
208
71
118
258
83
13
0
2
19
114
232
174
328
322
153
227
39
77
24
0
2
105
115
513
686
568
431
664
744
685
665
558
354
48
0
5
102
142
290
306
387
389
309
330
109
63
32
0
0
4
107
108
114
85
251
100
191
123
90
33
27
1
0
81
228
295
428
122
85
61
42
210
166
317
87
7
0
2
51
93
132
38
27
57
62
88
38
2
5
0
0
16
46
163
225
92
58
189
3
5
5
2
35
7
0
30
42
190
358
381
292
202
211
223
29
67
2
1
0
9
38
37
1
12
43
6
8
4
2
4
44
0
0
0
1
2
2
2
8
2
3
0
0
0
3
0
0
2
26
60
82
78
84
185
171
224
60
2
3
0
0
5
38
42
53
86
174
92
113
94
57
142
22
1
0
7
35
139
180
129
317
326
319
270
293
298
123
6
0
2
0
252
364
415
351
190
76
182
48
83
21
1
0
6
58
59
174
125
78
97
171
168
151
126
29
5
0
2
25
110
43
40
15
24
112
34
3
3
7
3
0
1
12
21
30
56
198
107
280
209
43
52
17
1
1
89
62
125
690
616
688
753
747
631
645
596
348
146
2
181
434
503
571
644
675
683
687
441
685
423
207
21
1
72
139
148
134
209
136
145
211
109
41
311
53
0
0
8
21
138
111
152
119
180
326
169
101
78
0
0
0
74
31
103
147
157
159
361
286
195
338
277
93
34
0
61
240
365
360
308
428
296
302
94
164
57
24
0
0
17
177
240
242
214
73
100
40
235
37
130
37
3
0
6
80
201
99
222
221
35
150
241
95
103
66
2
0
87
141
82
175
120
88
97
177
143
255
167
225
21
0
6
260
288
347
193
144
579
658
240
266
244
97
20
0
7
41
51
80
72
28
250
95
50
0
7
2
0
0
4
1
18
41
89
130
218
25
4
13
8
17
7
0
22
219
200
442
92
95
87
128
212
166
169
19
8
0
1
8
42
105
115
228
302
31
166
185
36
67
3
0
39
199
368
507
320
265
174
122
91
245
167
104
9
0
56
44
133
484
317
567
613
524
601
529
355
213
33
0
19
111
135
90
333
285
462
379
472
358
294
101
2
0
22
149
263
238
457
297
457
367
414
368
226
57
24
0
17
35
94
213
307
514
365
451
223
176
132
21
7
0
10
22
173
129
90
103
276
186
98
103
68
198
12
0
19
137
224
203
272
238
234
247
84
53
190
46
7
0
33
225
447
503
519
259
183
349
435
220
72
100
26
0
3
29
122
63
57
66
187
118
56
154
55
49
2
1
79
55
100
98
195
338
112
115
279
279
88
83
13
0
18
130
217
294
271
420
342
338
467
432
377
272
32
0
29
227
367
200
201
282
529
502
477
147
253
57
22
0
2
73
19
88
298
211
116
192
47
30
5
2
0
0
2
2
131
9
17
14
8
1
16
7
7
2
4
0
0
1
3
2
4
1
11
3
3
2
27
12
0
0
20
81
69
26
1
49
63
123
42
49
18
75
12
0
41
175
202
270
321
306
156
213
186
170
149
107
25
0
7
95
174
186
144
80
173
445
262
213
54
66
22
1
143
364
382
477
369
581
334
503
150
231
77
64
18
0
11
37
128
88
94
288
341
365
108
151
55
45
10
0
3
37
52
213
93
288
334
74
242
269
238
86
11
0
86
398
354
547
556
133
199
12
66
293
218
243
42
1
191
529
619
715
774
609
559
462
348
282
342
196
60
0
2
33
117
76
109
103
174
80
184
14
76
67
2
0
0
40
32
186
112
84
56
4
6
4
5
3
1
0
22
244
285
427
179
193
210
397
232
210
292
132
82
0
27
43
191
158
323
310
644
623
510
717
648
451
200
1
167
404
669
632
661
661
674
729
762
289
78
101
6
0
7
56
17
51
8
211
147
0
35
99
29
27
2
0
1
4
89
22
8
12
3
35
1
11
85
15
0
0
7
187
222
205
108
152
304
146
631
539
537
250
32
0
84
416
365
428
78
123
225
173
214
208
358
108
25
0
7
106
85
263
119
137
111
114
598
445
261
328
63
0
6
48
139
161
144
51
306
353
282
221
184
34
11
0
0
28
17
145
66
176
77
130
99
112
50
22
2
0
12
64
162
83
295
235
497
190
220
300
96
42
15
0
17
33
166
148
348
254
164
187
149
77
63
45
9
0
15
47
78
133
146
107
137
168
143
59
101
55
3
0
0
97
121
200
40
166
250
433
199
327
156
72
7
0
9
29
345
54
115
315
58
114
112
271
188
93
0
181
475
475
495
304
358
546
420
248
185
46
82
0
1
55
63
133
145
59
162
122
70
37
4
5
0
0
3
20
9
126
68
253
98
72
223
72
27
4
108
82
163
119
254
79
122
109
79
62
27
12
84
75
184
132
191
337
369
276
254
194
99
12
36
170
222
84
80
237
312
152
128
57
21
170
446
592
668
795
630
718
720
752
579
570
292
31
111
37
310
210
215
254
251
355
389
447
200
6
105
145
111
124
101
121
181
227
395
348
131
56
148
493
338
648
488
635
690
712
692
584
351
34
103
400
280
494
347
287
440
311
256
120
215
20
2
56
87
72
113
30
17
30
72
70
85
3
15
42
95
200
219
249
197
342
48
174
52
12
94
115
56
88
241
295
115
201
261
231
187
1
13
35
65
128
143
70
109
304
133
82
52
2
50
37
0
4
17
54
127
83
112
67
53
62
272
153
385
94
241
378
368
692
476
424
336
4
20
100
139
269
466
526
559
611
273
230
130
12
348
374
282
201
256
465
173
291
143
207
83
4
1
1
7
11
15
144
4
2
36
10
13
1
16
68
92
81
254
437
272
271
208
76
34
6
62
303
482
151
470
128
263
393
81
71
29
89
158
180
172
134
562
659
669
631
694
635
400
34
301
515
536
706
609
657
604
636
476
410
191
127
493
403
358
19
139
176
382
323
291
107
81
75
358
564
717
710
360
209
141
91
199
71
132
12
239
156
199
131
73
88
221
106
102
123
18
9
35
54
92
64
125
118
163
100
170
37
60
25
218
196
585
717
668
648
575
742
551
561
343
46
376
531
273
116
223
224
339
284
118
1
85
174
573
699
712
707
506
504
242
422
725
623
208
137
388
645
676
665
503
307
154
261
246
150
85
21
48
32
154
181
540
380
706
515
290
178
130
175
510
497
312
241
440
343
146
382
194
24
71
3
12
115
79
33
76
130
438
558
274
169
135
33
205
183
81
344
284
377
196
162
227
76
64
0
4
31
81
88
91
115
205
69
50
49
12
5
24
116
83
153
135
42
8
4
95
13
4
0
0
25
73
100
37
39
6
9
8
13
3
23
108
390
161
230
465
389
611
515
423
313
83
1
42
79
160
102
193
167
85
87
107
40
10
5
10
27
43
158
454
449
666
452
220
92
16
8
15
66
100
40
297
189
107
60
104
37
28
3
42
61
55
164
76
44
6
179
4
121
37
1
4
10
50
2
20
14
18
119
67
58
25
24
83
205
311
555
355
195
268
347
117
232
46
3
33
65
38
183
149
95
10
140
14
8
2
0
0
160
58
249
9
75
18
38
54
38
0
1
60
37
101
219
159
44
2
31
60
26
8
28
366
406
562
280
151
317
55
67
204
78
14
5
96
25
385
156
160
163
217
192
289
74
31
68
442
612
706
679
680
570
748
641
684
556
248
61
386
654
575
804
816
642
319
677
695
457
207
4
168
376
512
595
545
476
225
390
368
192
28
10
58
42
332
164
161
199
110
107
88
66
29
2
29
56
100
159
214
71
98
138
26
44
8
40
44
145
62
72
72
19
111
393
97
82
24
4
15
109
73
313
237
129
52
82
30
30
5
1
4
0
8
127
1
27
4
40
113
34
15
0
13
131
39
107
100
136
32
52
58
14
3
3
37
92
104
167
266
123
111
259
78
172
25
45
114
270
455
455
578
465
48
402
154
347
105
6
39
148
381
452
447
258
196
185
59
66
10
2
11
39
34
47
90
10
136
88
5
37
21
24
140
380
642
767
892
836
679
711
694
550
181
11
308
337
456
417
555
606
607
325
483
239
83
501
674
782
779
810
845
840
814
700
532
5
1
267
515
679
753
746
765
706
590
382
2
31
122
225
477
492
229
8
486
313
310
1
34
4
66
54
148
350
317
321
65
38
20
78
394
266
290
299
78
54
144
143
120
69
470
534
552
509
402
491
657
766
664
413
6
42
71
41
97
244
420
245
594
540
383
1
4
32
89
119
258
118
14
474
546
545
57
306
647
708
760
473
624
126
397
532
517
75
498
659
543
748
600
446
114
513
438
339
1
1
26
46
89
166
152
28
27
7
8
1
0
76
52
90
31
93
64
30
69
46
2
32
256
688
814
823
843
682
803
715
482
12
66
343
638
783
813
811
792
684
542
375
3
129
342
488
598
551
609
567
547
451
265
34
415
601
711
750
798
855
791
745
701
515
84
463
632
766
740
734
826
818
772
662
497
23
353
487
525
230
197
507
609
364
155
45
0
14
154
274
172
283
251
450
266
117
36
28
323
533
693
595
800
556
57
46
208
56
0
52
373
536
662
676
756
648
508
244
127
53
481
697
696
800
709
736
809
692
663
507
4
206
469
521
667
640
706
656
449
313
25
13
159
504
589
696
687
732
564
587
159
46
8
238
503
682
802
825
646
698
799
648
246
2
64
175
523
683
618
420
553
313
206
39
3
65
225
203
522
477
272
95
89
161
47
4
20
82
154
140
135
78
142
335
82
291
0
40
200
366
453
474
466
359
331
90
12
10
271
505
432
397
549
198
22
79
177
52
32
426
675
680
587
720
270
117
134
135
61
0
8
35
52
91
8
28
11
3
4
4
1
29
173
597
788
775
774
655
326
275
35
0
57
143
372
408
493
332
413
248
326
110
3
0
129
86
179
415
94
152
157
91
97
0
13
38
61
75
124
79
124
61
38
23
1
135
389
550
629
660
669
589
530
444
220
17
307
622
687
754
762
754
776
668
528
377
0
26
184
323
409
438
322
325
307
189
34
0
1
5
1
2
11
78
88
10
8
26
1
63
134
266
256
94
57
4
21
33
53
0
28
181
330
350
377
396
303
262
234
18
0
8
117
495
442
652
661
634
561
326
34
0
9
27
15
7
18
63
143
32
25
6
1
8
204
68
65
113
207
120
102
31
41
0
5
6
173
224
142
60
51
201
120
197
1
129
431
593
625
496
478
695
511
493
285
1
20
43
94
106
128
193
40
72
15
6
0
7
73
166
254
468
632
515
587
400
179
1
18
62
245
272
742
596
728
692
235
424
0
1
23
2
7
19
70
61
45
17
0
0
3
120
249
448
378
384
454
268
290
77
0
18
155
285
584
258
314
41
512
539
253
0
152
363
283
57
17
211
231
185
308
97
0
79
45
8
69
92
179
184
59
25
18
0
12
194
106
70
316
593
665
649
578
365
0
153
472
641
724
746
742
697
506
551
251
0
74
232
206
482
601
664
639
324
295
181
0
12
100
112
155
178
80
308
233
215
124
0
64
158
369
500
350
525
580
493
354
206
0
5
116
175
413
393
252
239
350
65
53
0
4
58
12
34
1
2
6
29
3
32
0
0
2
15
32
2
11
0
12
1
1
0
0
2
5
2
5
1
12
2
2
1
0
3
55
106
104
175
95
330
274
143
27
0
1
40
144
249
91
65
67
42
36
4
0
12
78
73
82
136
267
122
173
46
81
0
2
0
2
3
2
3
11
2
5
1
0
1
3
6
7
138
49
44
4
5
3
9
242
320
651
698
709
646
554
382
262
7
334
481
568
656
668
543
589
455
259
17
226
400
509
561
550
538
483
369
168
7
157
325
768
825
769
771
779
597
482
11
260
381
606
622
584
465
498
412
203
94
316
501
675
570
559
426
450
295
272
97
421
626
725
763
771
761
712
605
397
12
199
369
466
537
551
530
474
358
165
150
515
687
767
818
824
816
760
668
483
1
68
182
291
341
293
337
277
178
53
47
347
538
642
694
700
686
634
524
301