20.509417
33.062713
39.568019
42.91693
44.336446
44.271526
42.702356
39.1317
32.221268
18.851412
20.493577
33.10559
39.631623
42.990622
44.419059
44.365682
42.814184
39.272354
32.410254
19.115833
20.489608
33.15931
39.704414
43.07262
44.50929
44.467304
42.933646
39.421049
32.607878
19.388907
20.497713
33.223776
39.786499
43.162775
44.607103
44.576309
43.060606
39.577654
32.814115
19.670518
20.518005
33.299198
39.877871
43.261147
44.712504
44.692693
43.195013
39.74218
33.028761
19.960668
20.550673
33.385696
39.978629
43.36763
44.825457
44.816333
43.336771
39.914415
33.251755
20.259258
20.596033
33.4833
40.088677
43.482284
44.945887
44.947225
43.485877
40.094364
33.483111
20.566336
20.654259
33.592066
40.20802
43.605131
45.073799
45.085247
43.642155
40.281911
33.722593
20.881751
20.72555
33.71217
40.3368
43.735972
45.209036
45.230358
43.805599
40.476931
33.970085
21.205506
20.810184
33.843674
40.474924
43.874956
45.351604
45.382517
43.976082
40.679369
34.22571
21.53757
20.908514
33.986688
40.622385
44.02193
45.501508
45.541602
44.153558
40.889135
34.489154
21.87788
21.020568
34.141182
40.779238
44.17691
45.65859
45.707573
44.337944
41.106094
34.760407
22.226567
21.146723
34.307271
40.94538
44.339829
45.822816
45.880352
44.529114
41.330163
35.039445
22.583334
21.287308
34.485022
41.120862
44.510572
45.994111
46.059859
44.726986
41.561356
35.326081
22.94847
21.442384
34.674504
41.305678
44.689198
46.172479
46.246015
44.93148
41.799394
35.62037
23.321941
21.61239
34.875786
41.499728
44.875595
46.357723
46.438705
45.142561
42.044307
35.922153
23.703557
21.797492
35.088988
41.7031
45.069689
46.549848
46.637887
45.360021
42.295965
36.231288
24.093455
0.184076
21.99809
35.314008
41.915594
45.271409
46.748737
46.843451
45.583915
42.554348
36.547808
24.491549
0.519322
22.214352
35.550945
42.137296
45.480723
46.954356
47.055319
45.813997
42.81919
36.871532
24.897989
0.863744
22.446523
35.799837
42.368099
45.69756
47.166588
47.273375
46.05028
43.090575
37.202483
25.312863
1.217524
22.69499
36.060728
42.60799
45.921754
47.385317
47.497546
46.292608
43.368338
37.540621
25.736025
1.58055
22.959925
36.333684
42.856857
46.153318
47.610465
47.727756
46.540909
43.652417
37.885808
26.167529
1.953178
23.241737
36.618573
43.114582
46.392088
47.842
47.963856
46.795118
43.942609
38.237944
26.60749
2.335337
23.540596
36.915435
43.381248
46.63803
48.079719
48.205771
47.05508
44.239003
38.597066
27.056026
2.727412
23.856898
37.224398
43.656732
46.89102
48.323635
48.453474
47.32073
44.541348
38.963029
27.513061
3.129195
24.19087
37.545336
43.940811
47.151023
48.573587
48.70673
47.591964
44.849642
39.335876
27.978626
3.541272
24.542747
37.878193
44.233509
47.417784
48.829415
48.965551
47.868675
45.163784
39.715349
28.453005
3.963625
24.912715
38.223028
44.534798
47.691351
49.091132
49.229752
48.150799
45.48363
40.101617
28.936089
4.396735
25.301292
38.57974
44.844395
47.971558
49.358573
49.499298
48.438196
45.80918
40.494502
29.428024
4.840609
25.708617
38.94829
45.162316
48.25823
49.631631
49.774086
48.730757
46.140245
40.894037
29.928801
5.295759
26.134873
39.328578
45.488373
48.551371
49.910185
50.053927
49.028433
46.476829
41.299993
30.43863
5.762416
26.58036
39.720611
45.822528
48.850765
50.19408
50.338838
49.331123
46.818843
41.712482
30.957628
6.240973
27.045379
40.124146
46.164583
49.156281
50.483281
50.62855
49.638636
47.1661
42.131444
31.48578
6.732043
27.529989
40.539166
46.514445
49.467837
50.777671
50.92312
49.951012
47.518611
42.556819
32.023367
7.236101
28.034537
40.96568
46.871912
49.785251
51.077061
51.222333
50.26807
47.876289
42.988494
32.570262
7.753457
28.559122
41.4034
47.236881
50.108529
51.381372
51.526148
50.589666
48.238998
43.426469
33.126809
8.285033
29.104018
41.852246
47.609148
50.437361
51.690487
51.834399
50.9158
48.606659
43.870696
33.692946
8.831189
29.669358
42.311984
47.988655
50.771692
52.004301
52.146982
51.246369
48.979184
44.321114
34.268952
9.392732
30.255095
42.782574
48.375138
51.111357
52.322643
52.463822
51.581156
49.356542
44.777735
34.85487
9.970492
30.861627
43.263762
48.768534
51.45622
52.645417
52.784802
51.920204
49.738644
45.240443
35.45085
10.565199
0.225
31.488729
43.755433
49.168527
51.806186
52.972465
53.109799
52.263288
50.125322
45.709309
36.057005
11.17783
0.632838
32.136592
44.257247
49.575041
52.160991
53.303753
53.438692
52.610452
50.516585
46.184156
36.673446
11.809546
1.075459
32.805124
44.769059
49.987914
52.520538
53.639041
53.771368
52.961461
50.912311
46.664993
37.300453
12.461028
1.55563
33.49447
45.290653
50.406813
52.884738
53.978272
54.107742
53.316288
51.312412
47.151761
37.938112
13.133896
2.075655
34.204285
45.821796
50.831662
53.253417
54.321277
54.447751
53.674882
51.7168
47.64441
38.586454
13.829292
2.638016
34.934803
46.36225
51.262283
53.626338
54.667968
54.791136
54.036973
52.125407
48.142999
39.24558
14.548421
3.245674
35.685643
46.911632
51.698392
54.003427
55.018208
55.13793
54.402659
52.538244
48.647349
39.915842
15.292843
3.901803
36.456622
47.469821
52.13976
54.384533
55.371818
55.487976
54.771756
52.955026
49.157521
40.597256
16.064331
4.609119
37.247545
48.036347
52.58635
54.769396
55.728769
55.841081
55.144129
53.375829
49.673391
41.290005
16.864385
5.371565
38.058342
48.611069
53.037727
55.157965
56.088839
56.197297
55.51978
53.800508
50.194823
41.994156
17.695078
6.192326
38.888298
49.193568
53.493908
55.550017
56.451951
56.556419
55.89854
54.228985
50.72188
42.709796
18.558133
7.07512
39.737161
49.783627
53.954501
55.945502
56.817999
56.918339
56.28031
54.661169
51.254544
43.436987
19.455909
8.024498
40.604408
50.380741
54.419358
56.344078
57.186776
57.282966
56.665008
55.097024
51.792736
44.17615
20.3907
9.044443
41.489803
50.984739
54.888204
56.74573
57.558212
57.650178
57.052534
55.536357
52.336251
44.926966
21.36494
10.139562
42.392518
51.595173
55.360933
57.150237
57.932215
58.019898
57.442808
55.979228
52.885179
45.689832
22.381302
11.314526
43.312101
52.211741
55.83723
57.557519
58.308552
58.391977
57.83578
56.425386
53.439396
46.464769
23.442632
12.574197
44.247723
52.834089
56.316885
57.967303
58.687186
58.766338
58.231267
56.874906
53.998823
47.251589
24.553982
13.923698
45.198836
53.461711
56.799707
58.379545
59.067978
59.142893
58.629189
57.327574
54.563401
48.050552
25.714174
15.368415
46.164514
54.094411
57.285468
58.793996
59.450795
59.521476
59.029424
57.783384
55.132984
48.86173
26.928931
16.913273
47.144104
54.73172
57.773915
59.210559
59.835508
59.901982
59.432028
58.242136
55.70761
49.684944
28.201437
18.5634
48.136588
55.373224
58.264861
59.629052
60.222026
60.284403
59.836733
58.703846
56.287067
50.520324
29.535362
20.324252
49.141018
56.018661
58.75808
60.049316
60.610191
60.668555
60.24349
59.168385
56.87126
51.367758
30.934817
22.199983
50.156607
56.667558
59.25335
60.471258
60.999864
61.054304
60.652204
59.635584
57.460137
52.227299
32.403213
24.194819
51.182216
57.319575
59.750462
60.894637
61.391021
61.441644
61.062818
60.105454
58.053593
53.098581
33.945341
26.312322
52.217008
57.974239
60.249172
61.319394
61.783441
61.830368
61.475229
60.577797
58.651509
53.981815
35.564758
28.55429
53.259666
58.631213
60.749325
61.745292
62.177055
62.220496
61.889254
61.052593
59.253741
54.876576
37.26537
30.921262
54.309179
59.29016
61.250646
62.172272
62.571722
62.611794
62.304922
61.529659
59.860107
55.782908
39.051253
33.41324
55.364647
59.950664
61.752996
62.600132
62.967373
63.004233
62.721992
62.008978
60.47062
56.700395
40.926394
36.026413
56.42482
60.612297
62.256138
63.028755
63.363841
63.397708
63.140522
62.490366
61.084909
57.628891
42.893603
38.755695
57.488443
61.274914
62.759805
63.458002
63.761115
63.792138
63.56024
62.973762
61.703054
58.568136
44.956419
41.593208
58.554632
61.937803
63.263894
63.887704
64.158923
64.187341
63.981203
63.458947
62.324761
59.517838
47.115668
44.530793
59.622101
62.600826
63.76818
64.317779
64.557283
64.583313
64.403219
63.945953
62.949928
60.477547
49.373809
47.548877
60.689766
63.263714
64.272467
64.748063
64.956053
64.979924
64.826178
64.434551
63.578278
61.446841
51.730064
50.633418
61.756667
63.925909
64.776568
65.178448
65.355046
65.377014
65.250051
64.924673
64.209738
62.425379
54.183743
53.766222
62.821746
64.587161
65.2803
65.608747
65.754276
65.774584
65.674614
65.416181
64.844098
63.412582
56.731332
56.926568
63.883752
65.247226
65.783509
66.038882
66.153608
66.172421
66.099892
65.908869
65.481138
64.407963
59.368572
60.093749
64.941812
65.905659
66.285983
66.468723
66.552879
66.570548
66.525715
66.402757
66.120598
65.411065
62.088728
63.247119
65.994888
66.562185
66.787521
66.898088
66.952028
66.968752
66.951993
66.897631
66.7624
66.421253
64.883523
66.365867
67.042238
67.216592
67.288005
67.326989
67.350946
67.366958
67.378635
67.393342
67.406185
67.43779
67.742607
69.43121
68.082688
67.868455
67.787313
67.755157
67.749522
67.765178
67.805467
67.889705
68.051822
68.459961
70.653526
72.425624
69.115623
68.517622
68.285235
68.182581
68.147678
68.163155
68.232475
68.386717
68.699008
69.487232
73.602337
75.335574
70.140189
69.163775
68.781578
68.609056
68.545272
68.560951
68.659425
68.884157
69.347611
70.518818
76.573867
78.148382
71.155539
69.806726
69.27626
69.034515
68.942218
68.958311
69.086358
69.38187
69.997204
71.554088
79.551918
80.855991
72.161087
70.446026
69.769148
69.458894
69.338438
69.35522
69.513013
69.879733
70.647695
72.591903
82.520246
83.45143
73.156104
71.081627
70.259993
69.882015
69.733826
69.751571
69.939394
70.37756
71.298698
73.631618
85.463104
85.93155
74.140235
71.71325
70.748752
70.303815
70.128312
70.147241
70.36526
70.875261
71.949993
74.672424
88.36479
88.294446
75.112626
72.340718
71.235275
70.724176
70.521751
70.542154
70.790644
71.372626
72.601237
75.713357
0
0
76.072993
72.963772
71.719438
71.14292
70.914039
70.936242
71.215364
71.869512
73.252289
76.753656
0
0
77.02074
73.582257
72.201097
71.560089
71.305159
71.329357
71.639275
72.365703
73.902821
77.792325
0
0
77.955636
74.195989
72.680109
71.975489
71.694912
71.72139
72.062268
72.861164
74.552472
78.828691
0
0
78.877396
74.804804
73.156408
72.388987
72.083302
72.112285
72.484313
73.355604
75.200904
79.861458
0
0
79.785499
75.408511
73.629812
72.800606
72.470131
72.501893
72.905181
73.848939
75.848068
80.890145
0
0
80.679917
76.007013
74.100326
73.210099
72.855438
72.89012
73.324758
74.340964
76.493362
81.913553
0
0
81.560353
76.600025
74.567683
73.617509
73.238989
73.276946
73.742933
74.83154
77.136683
82.93091
0
0
82.426696
77.187626
75.031963
74.022667
73.620822
73.662183
74.159685
75.320437
77.777609
83.941217
0
0
83.278734
77.76959
75.492888
74.425523
74.000776
74.045749
74.574777
75.807511
78.4158
84.943996
0
0
84.116598
78.345764
75.950526
74.825986
74.378706
74.427547
74.988077
76.292546
79.051191
85.938008
0
0
84.939979
78.916162
76.404638
75.223906
74.754649
74.80752
75.399575
76.775465
79.683192
86.922655
0
0
85.748943
79.480544
76.855226
75.619295
75.128459
75.185487
75.809013
77.256029
80.311623
87.897041
0
0
86.543532
80.038902
77.302146
76.011943
75.499973
75.561391
76.216349
77.734103
80.936213
88.860454
0
0
87.323839
80.591169
77.745315
76.401881
75.869227
75.93516
76.621412
78.20943
81.556608
89.81222
0
0
88.08984
81.137261
78.184764
76.788944
76.236074
76.306622
77.024096
78.681943
82.172519
0
0
0
88.841664
81.677036
78.620245
77.173116
76.600366
76.675703
77.424337
79.151341
82.783577
0
0
0
89.579333
82.210596
79.051819
77.554295
76.962068
77.042357
77.821901
79.617537
83.389594
0
0
0
0
82.737661
79.4793
77.932333
77.321155
77.406424
78.216664
80.08036
83.990218
0
0
0
0
83.258302
79.902738
78.307225
77.677435
77.767757
78.608598
80.539505
84.58517
0
0
0
0
83.772531
80.321917
78.678856
78.030857
78.126375
78.997502
80.994968
85.1741
0
0
0
0
84.280181
80.736866
79.047139
78.381353
78.482072
79.38326
81.446431
85.756926
0
0
0
0
84.781341
81.147509
79.412068
78.728759
78.834787
79.765767
81.893877
86.333106
0
0
0
0
85.275868
81.553751
79.773482
79.073104
79.184391
80.144893
82.336927
86.902665
0
0
0
0
0
85.76376
81.955527
80.131362
79.414203
79.530833
80.520458
82.775636
87.465074
0
0
0
0
0
86.245044
82.352792
80.485559
79.75206
79.874014
80.892341
83.209615
88.020275
0
0
0
0
0
86.719576
82.745423
80.836104
80.086477
80.21377
81.260545
83.638865
88.568024
0
0
0
0
0
87.187469
83.133456
81.182795
80.417472
80.550001
81.624765
84.063133
89.107895
0
0
0
0
0
87.648652
83.516748
81.525664
80.744917
80.882674
81.985
84.482332
89.63985
0
0
0
0
0
88.103081
83.895353
81.864508
81.068706
81.211621
82.341129
84.896242
0
0
0
0
0
0
88.550781
84.269053
82.199417
81.388749
81.536749
82.692905
85.304683
0
0
0
0
0
0
88.991784
84.637916
82.530197
81.704955
81.857996
83.040381
85.707581
0
0
0
0
0
0
89.425951
85.001846
82.856867
82.017291
82.175275
83.383256
86.104698
0
0
0
0
0
0
89.853316
85.360705
83.179224
82.325664
82.488474
83.721592
86.49595
0
0
0
0
0
0
0
85.714542
83.497309
82.629923
82.797429
84.055139
86.881107
0
0
0
0
0
0
0
86.063289
83.810962
82.930025
83.102094
84.383835
87.26016
0
0
0
0
0
0
0
86.406853
84.120224
83.225933
83.402369
84.707549
87.632877
0
0
0
0
0
0
0
86.745224
84.424886
83.517507
83.698192
85.026161
87.999182
0
0
0
0
0
0
0
87.078326
84.724974
83.804631
83.98941
85.339605
88.358848
0
0
0
0
0
0
0
87.406005
85.020397
84.087285
84.275909
85.647758
88.71187
0
0
0
0
0
0
0
87.728381
85.311067
84.365358
84.557696
85.950435
89.0581
0
0
0
0
0
0
0
88.045234
85.596891
84.63881
84.834605
86.247693
89.397316
0
0
0
0
0
0
0
88.35662
85.877837
84.907489
85.10659
86.539283
89.729518
0
0
0
0
0
0
0
88.662448
86.153811
85.171408
85.373477
86.825145
0
0
0
0
0
0
0
0
88.962702
86.424781
85.430354
85.635273
87.105215
0
0
0
0
0
0
0
0
89.257226
86.690588
85.684391
85.891871
87.379365
0
0
0
0
0
0
0
0
89.546064
86.951259
85.933365
86.143157
87.64754
0
0
0
0
0
0
0
0
89.82906
87.206635
86.177171
86.38908
87.909611
0
0
0
0
0
0
0
0
0
87.456741
86.415769
86.629525
88.165458
0
0
0
0
0
0
0
0
0
87.701473
86.64916
86.86438
88.415139
0
0
0
0
0
0
0
0
0
87.940734
86.877132
87.093651
88.658413
0
0
0
0
0
0
0
0
0
88.174482
87.099687
87.317227
88.895279
0
0
0
0
0
0
0
0
0
88.402615
87.316726
87.535052
89.125678
0
0
0
0
0
0
0
0
0
88.625089
87.528198
87.747011
89.349488
0
0
0
0
0
0
0
0
0
88.841862
87.73405
87.95305
89.56665
0
0
0
0
0
0
0
0
0
89.052826
87.934176
88.153058
89.777106
0
0
0
0
0
0
0
0
0
89.257997
88.128583
88.347093
89.980861
0
0
0
0
0
0
0
0
0
89.457206
88.317045
88.534927
0
0
0
0
0
0
0
0
0
0
89.650406
88.499684
88.71662
0
0
0
0
0
0
0
0
0
0
89.837606
88.675925
88.892117
0
0
0
0
0
0
0
0
0
0
0
0
88.846642
89.061247
0
0
0
0
0
0
0
0
0
0
0
0
89.011203
89.224067
0
0
0
0
0
0
0
0
0
0
0
0
89.169611
89.380467
0
0
0
0
0
0
0
0
0
0
0
0
89.321811
89.530389
0
0
0
0
0
0
0
0
0
0
0
0
89.467805
89.673836
0
0
0
0
0
0
0
0
0
0
0
0
89.607481
89.810752
0
0
0
0
0
0
0
0
0
0
0
0
89.740841
89.941023
0
0
0
0
0
0
0
0
0
0
0
0
89.867653
0
0
0
0
0
0
0
0
0
0
0
0
0
89.988093
0
0
0
0
0
0
0
0
0
0
0
0
0
0
0
0
0
0
0
0
0
0
0
0
0
0
0
0
0
0
0
0
0
0
0
0
0
0
0
0
0
0
0
0
0
0
0
0
0
0
0
0
0
0
0
0
0
0
0
0
0
0
0
0
0
0
0
0
0
0
0
0
0
0
0
0
0
0
0
0
0
0
0
0
0
0
0
0
0
0
0
0
0
0
0
0
0
0
0
0
0
0
0
0
0
0
0
0
0
0
0
0
0
0
0
0
0
0
0
0
0
0
0
0
0
0
0
0
0
0
0
0
0
0
0
0
0
0
0
0
0
0
0
0
0
0
0
0
0
0
0
0
0
0
0
0
0
0
0
0
0
0
0
0
0
0
0
0
0
0
0
0
0
0
0
0
0
0
0
0
0
0
0
0
0
0
0
0
0
0
0
0
0
0
0
0
0
0
0
0
0
0
0
0
0
0
0
0
0
0
0
0
0
0
0
0
0
0
0
0
0
0
0
0
0
0
0
0
0
0
0
0
0
0
0
0
0
0
0
0
0
0
0
0
0
0
0
0
0
0
0
0
0
0
0
0
0
0
0
0
0
0
0
0
0
0
0
0
0
0
0
0
0
0
0
0
0
0
0
0
0
0
0
0
0
0
0
0
0
0
0
0
0
0
0
0
0
0
0
0
0
0
0
0
0
0
0
0
0
0
0
0
0
0
0
0
0
0
0
0
0
0
0
0
0
0
0
0
0
0
0
0
0
0
0
0
0
0
0
0
0
0
0
0
0
0
0
0
0
0
0
0
0
0
0
0
0
0
0
0
0
0
0
0
0
0
0
0
0
0
0
0
0
0
0
0
0
0
0
0
0
0
0
0
0
0
0
0
0
0
0
0
0
0
0
0
0
0
0
0
0
0
0
0
0
0
0
0
0
0
0
0
0
0
0
0
0
0
0
0
0
0
0
0
0
0
0
0
0
0
0
0
0
0
0
0
0
0
0
0
0
0
0
0
0
0
0
0
0
0
0
0
0
0
0
0
0
0
0
0
0
0
0
0
0
0
0
0
0
0
0
0
0
0
0
0
0
0
0
0
0
0
0
0
0
0
0
0
0
89.944738
89.967139
0
0
0
0
0
0
0
0
0
0
0
0
89.821565
89.840211
0
0
0
0
0
0
0
0
0
0
0
0
89.691911
89.707059
0
0
0
0
0
0
0
0
0
0
0
0
89.555773
89.567624
0
0
0
0
0
0
0
0
0
0
0
0
89.413267
89.421961
0
0
0
0
0
0
0
0
0
0
0
0
89.264389
89.270184
0
0
0
0
0
0
0
0
0
0
0
0
89.109256
89.112348
0
0
0
0
0
0
0
0
0
0
0
0
88.947806
88.948506
0
0
0
0
0
0
0
0
0
0
0
0
88.78027
88.778654
0
0
0
0
0
0
0
0
0
0
0
0
88.60653
88.602903
89.995398
0
0
0
0
0
0
0
0
0
0
89.819158
88.426759
88.421365
89.802292
0
0
0
0
0
0
0
0
0
0
89.62539
88.241011
88.233976
89.603259
0
0
0
0
0
0
0
0
0
0
89.42501
88.04934
88.040958
89.398468
0
0
0
0
0
0
0
0
0
0
89.218201
87.85175
87.842248
89.187902
0
0
0
0
0
0
0
0
0
0
89.0049
87.648404
87.638012
88.971667
0
0
0
0
0
0
0
0
0
0
88.785289
87.439363
87.428241
88.749744
0
0
0
0
0
0
0
0
0
0
88.559368
87.224624
87.213043
88.522298
0
0
0
0
0
0
0
0
0
0
88.32726
87.004352
86.992465
88.289369
0
0
0
0
0
0
0
0
0
0
88.089025
86.778549
86.766671
88.050996
0
0
0
0
0
0
0
0
0
0
87.844785
86.547325
86.535592
87.80722
0
0
0
0
0
0
0
0
0
0
87.594542
86.310735
86.299386
87.558196
0
0
0
0
0
0
0
0
0
0
87.338419
86.068947
86.058103
87.303966
0
0
0
0
0
0
0
0
0
0
87.076543
85.821956
85.811903
87.044497
89.950423
0
0
0
0
0
0
0
0
89.71189
86.808907
85.56987
85.56071
86.780015
89.655602
0
0
0
0
0
0
0
0
89.403854
86.535766
85.312748
85.304687
86.510487
89.355161
0
0
0
0
0
0
0
0
89.089096
86.257058
85.05075
85.04393
86.235946
89.049043
0
0
0
0
0
0
0
0
88.76762
85.972965
84.783872
84.778428
85.956544
88.737472
0
0
0
0
0
0
0
0
88.439713
85.683553
84.512283
84.508395
85.672313
88.420317
0
0
0
0
0
0
0
0
88.105311
85.388948
84.236032
84.233803
85.38328
88.09766
0
0
0
0
0
0
0
0
87.764632
85.089267
83.95517
83.954766
85.089606
87.769651
0
0
0
0
0
0
0
87.417829
84.784518
83.669855
83.671363
84.791302
87.436228
0
0
0
0
0
0
0
87.064976
84.474951
83.38015
83.383649
84.488411
87.097536
0
0
0
0
0
0
0
86.706162
84.160619
83.086146
83.0917
84.181075
86.753514
0
0
0
0
0
0
86.341608
83.841528
82.787898
82.795631
83.869257
86.404236
0
0
0
0
0
0
85.971393
83.517923
82.485619
82.495577
83.553102
86.049785
0
0
0
0
0
0
85.595606
83.189866
82.179255
82.191465
83.232647
85.690223
0
0
0
0
0
0
85.214536
82.85748
81.869008
81.883511
82.908029
85.325496
0
0
0
0
0
89.568822
84.828208
82.520886
81.554875
81.57173
82.579206
84.955818
89.865632
0
0
0
0
89.080914
84.436837
82.180138
81.237072
81.25623
82.246277
84.581054
89.413623
0
0
0
0
88.585782
84.040514
81.835433
80.915584
80.937089
81.909376
84.201338
88.954492
0
0
0
0
88.083465
83.639403
81.486883
80.59057
80.614348
81.568466
83.81676
88.488092
0
0
0
0
87.574365
83.233654
81.134487
80.262128
80.288093
81.22369
83.427249
88.014557
0
0
0
0
87.058614
82.823493
80.778546
79.930299
79.958479
80.875083
83.032953
87.53383
0
0
0
0
86.536361
82.408935
80.418997
79.595248
79.625523
80.522784
82.633951
87.04587
0
0
0
0
86.008011
81.990277
80.056087
79.257003
79.28932
80.16675
82.230177
86.55062
0
0
0
0
85.473709
81.567614
79.689852
78.915672
78.949964
79.807127
81.821712
86.048227
0
0
0
0
84.933603
81.141092
79.32049
78.571405
78.607538
79.443942
81.408645
85.538554
0
0
0
0
84.388127
80.710866
78.948043
78.224238
78.26208
79.077282
80.991036
85.021651
0
0
0
0
83.837327
80.277101
78.572696
77.874334
77.913715
78.707223
80.568987
84.497586
0
0
0
0
83.281625
79.84002
78.194503
77.521714
77.562505
78.333864
80.14238
83.966231
0
0
0
0
82.721105
79.399763
77.813622
77.166494
77.20856
77.957232
79.711487
83.427749
0
0
0
89.640759
82.15626
78.956425
77.430175
76.808806
76.851872
77.577388
79.276205
82.882019
0
0
0
88.803733
81.587079
78.510226
77.044284
76.448641
76.492646
77.19452
78.836691
82.32912
0
0
0
87.957337
81.014087
78.061299
76.655983
76.086267
76.130888
76.808507
78.39296
81.76915
0
0
0
87.102257
80.43734
77.609821
76.265512
75.721644
75.766717
76.419558
77.945061
81.202098
89.321487
0
0
86.238898
79.857173
77.155907
75.872902
75.354886
75.400153
76.027729
77.49314
80.627966
88.490921
0
0
85.367987
79.273843
76.699817
75.478283
74.986078
75.031344
75.63308
77.037251
80.046862
87.642051
0
0
84.4901
78.687667
76.241643
75.081818
74.615357
74.660363
75.235746
76.577399
79.458726
86.774643
0
0
83.605833
78.098813
75.781508
74.683532
74.24282
74.287275
74.835665
76.113733
78.863855
85.888794
0
0
82.715937
77.507677
75.319651
74.283614
73.868508
73.912178
74.433063
75.646335
78.262111
84.984185
0
0
81.820875
76.914359
74.856157
73.882162
73.492573
73.535097
74.027987
75.17527
77.653729
84.060814
0
0
80.921544
76.319334
74.391178
73.47927
73.115038
73.156218
73.620426
74.700571
77.038688
83.118451
0
0
80.018276
75.722572
73.924979
73.075048
72.736068
72.775556
73.210575
74.222454
76.417223
82.157216
0
0
79.111998
75.124557
73.457555
72.669609
72.355724
72.393177
72.798503
73.740885
75.789258
81.177265
0
0
78.203435
74.525557
72.989099
72.26308
71.974077
72.009282
72.384302
73.256017
75.155142
80.17848
0
0
77.292933
73.925657
72.519887
71.855549
71.591186
71.623794
71.967967
72.767987
74.514896
79.161206
0
88.329015
76.381387
73.325179
72.049905
71.447122
71.207285
71.236911
71.549652
72.27691
73.868652
78.125423
0
86.252068
75.469363
72.724356
71.579294
71.037943
70.822267
70.848685
71.129513
71.782833
73.21662
77.071752
0
84.154969
74.557474
72.123451
71.108366
70.628074
70.436421
70.459205
70.707568
71.285878
72.559054
76.000538
0
82.044117
73.646458
71.522713
70.637057
70.2176
70.049709
70.068596
70.283935
70.786244
71.89593
74.911833
0
79.925053
72.736796
70.922307
70.165609
69.806676
69.662221
69.67691
69.858756
70.283966
71.227688
73.806619
0
77.804161
71.829102
70.322417
69.694214
69.395441
69.274138
69.284238
69.432012
69.779179
70.554461
72.685357
88.692745
75.68743
70.924149
69.723447
69.22287
68.983879
68.885453
68.890616
69.003907
69.272117
69.87639
71.548552
84.68316
73.58101
70.022186
69.125456
68.751781
68.572179
68.496348
68.496262
68.574508
68.762857
69.19396
70.397447
80.326994
71.490519
69.123941
68.528641
68.281054
68.160436
68.106856
68.101211
68.14394
68.251586
68.507145
69.232493
75.636437
69.421368
68.229864
67.933275
67.810884
67.748709
67.717011
67.705541
67.712357
67.738348
67.816421
68.054894
70.646275
67.378664
67.340606
67.339558
67.34126
67.337147
67.327046
67.309341
67.279746
67.223364
67.121959
66.865596
65.412125
65.367377
66.456402
66.74762
66.872386
66.925817
66.936973
66.912692
66.846346
66.706873
66.42409
65.665758
60.012902
63.390974
65.577872
66.157715
66.404408
66.514801
66.546898
66.51579
66.412207
66.188921
65.723279
64.456634
54.546365
61.453546
64.705301
65.569904
65.937372
66.10422
66.156874
66.118612
65.977457
65.669658
65.019654
63.239374
49.116395
59.558029
63.839134
64.984452
65.471445
65.69416
65.767009
65.721301
65.542264
65.149379
64.313664
62.015686
43.823243
57.707021
62.979727
64.401484
65.00673
65.284701
65.377462
65.323994
65.106675
64.628242
63.605682
60.786542
38.755723
55.902267
62.127641
63.821182
64.543328
64.875984
64.988263
64.926778
64.670859
64.106412
62.896004
59.553853
33.980675
54.145746
61.282837
63.243648
64.081364
64.468093
64.59952
64.529692
64.234925
63.584057
62.185068
58.318752
29.541172
52.437952
60.445817
62.669131
63.620905
64.061056
64.211285
64.132956
63.799075
63.06142
61.473333
57.083174
25.458859
50.779899
59.616836
62.097719
63.162103
63.65506
63.823692
63.736582
63.363308
62.538642
60.761069
55.848458
21.736327
49.171497
58.796234
61.529457
62.704989
63.250132
63.436874
63.340713
62.927915
62.015975
60.048755
54.616244
18.363189
47.613223
57.983872
60.964612
62.249708
62.84638
63.050859
62.945442
62.492957
61.493568
59.336726
53.388184
15.320646
46.103951
57.180319
60.403217
61.796408
62.443934
62.66578
62.550916
62.058558
60.971746
58.625662
52.165937
12.585484
44.643217
56.385561
59.845375
61.345145
62.042792
62.281745
62.157149
61.624868
60.450566
57.915675
50.951207
10.130532
43.230524
55.599738
59.291258
60.895934
61.643141
61.898786
61.76442
61.19213
59.930432
57.207424
49.745209
7.931039
41.864294
54.82317
58.740956
60.449011
61.245057
61.517058
61.372698
60.760325
59.411468
56.501294
48.549778
5.9604
40.543673
54.055681
58.194598
60.00436
60.848589
61.136647
60.982102
60.329731
58.893914
55.797724
47.36635
4.196313
39.267055
53.297619
57.652221
59.562147
60.453841
60.757687
60.592866
59.900473
58.377946
55.097156
46.196273
2.617535
38.033524
52.548872
57.113945
59.12236
60.060916
60.380187
60.205008
59.472661
57.863906
54.400039
45.041107
1.204582
36.840983
51.809578
56.57984
58.685221
59.669892
60.004382
59.818663
59.046431
57.352001
53.7069
43.901833
35.68861
51.079836
56.049971
58.250682
59.280894
59.630204
59.434004
58.622085
56.842377
53.01821
42.779989
34.574354
50.359506
55.524491
57.818903
58.894032
59.257867
59.051087
58.199631
56.335418
52.334215
41.676531
33.496957
49.648731
55.003432
57.389983
58.509243
58.887462
58.670017
57.779318
55.831209
51.655571
40.592576
32.454988
48.947586
54.48685
56.963964
58.126793
58.519066
58.291001
57.361254
55.330136
50.982646
39.529055
31.446671
48.255871
53.974882
56.540945
57.74673
58.15283
57.91413
56.945616
54.832371
50.31579
38.48702
30.470847
47.573542
53.467483
56.120964
57.369138
57.788785
57.539498
56.532636
54.338155
49.655673
37.466998
29.526088
46.900873
52.964811
55.704175
56.994034
57.42707
57.16728
56.122352
53.847722
49.002467
36.470096
28.61083
46.237465
52.466952
55.290655
56.621599
57.06781
56.797586
55.715035
53.361333
48.356684
35.49631
27.723811
45.583494
51.973821
54.880458
56.251901
56.711114
56.430497
55.310798
52.879205
47.718634
34.546703
26.864005
44.938875
51.485601
54.473661
55.885006
56.357061
56.066207
54.909856
52.40155
47.088882
33.621589
26.029701
44.303435
51.002318
54.070318
55.521048
56.005778
55.70483
54.51229
51.928738
46.467707
32.721123
25.220035
43.677241
50.523985
53.670544
55.160145
55.657329
55.34648
54.118352
51.460826
45.855449
31.845894
24.43392
43.060192
50.050739
53.274431
54.802313
55.311873
54.991273
53.728177
50.99818
45.252429
30.995918
23.669965
42.452096
49.582472
52.882068
54.447639
54.969508
54.639359
53.341876
50.541009
44.659109
30.171412
22.927447
41.853011
49.119422
52.493481
54.096293
54.630364
54.290889
52.959727
50.08947
44.075719
29.372373
22.205302
41.262895
48.661542
52.108758
53.748374
54.294509
53.94596
52.581839
49.643807
43.502622
28.59877
21.502624
40.681636
48.208892
51.728031
53.403911
53.96204
53.604676
52.208311
49.20429
42.939947
27.850859
20.818455
40.109108
47.761538
51.351284
53.063016
53.633126
53.267275
51.83942
48.771109
42.388249
27.128162
20.151813
39.545211
47.319431
50.978742
52.725814
53.307847
52.933803
51.475276
48.34441
41.847497
26.430788
19.502206
38.989957
46.882857
50.610348
52.392396
52.986293
52.604406
51.116026
47.924494
41.318131
25.758599
18.868831
38.44316
46.451592
50.246226
52.062842
52.668647
52.279213
50.761858
47.511492
40.800245
25.111221
18.250773
37.904876
46.025813
49.886465
51.737264
52.354931
51.9583
50.412827
47.105592
40.294184
24.488399
17.647572
37.374869
45.605521
49.531241
51.415699
52.045296
51.64195
50.069212
46.707089
39.800085
23.889987
17.058375
36.853217
45.190894
49.180491
51.09837
51.739872
51.330111
49.731117
46.316049
39.317986
23.315486
16.482831
36.339849
44.781821
48.834307
50.785242
51.438692
51.023041
49.398684
45.932595
38.84822
22.764715
15.920309
35.834615
44.378421
48.492861
50.476503
51.141981
50.720761
49.072101
45.557062
38.391003
22.23742
15.370148
35.337506
43.980815
48.156245
50.172195
50.849799
50.423484
48.751423
45.189454
37.946213
21.732942
14.832018
34.848403
43.588899
47.824401
49.872461
50.562219
50.131292
48.436871
44.830043
37.514119
21.251205
14.305412
34.367299
43.202904
47.497607
49.577401
50.279384
49.844293
48.128505
44.478883
37.094739
20.791547
13.788646
33.894203
42.822734
47.175808
49.287114
50.001397
49.562616
47.826501
44.136182
36.688299
20.353885
13.284129
33.428928
42.448621
46.859101
49.001609
49.728374
49.286419
47.531045
43.802039
36.294802
19.937384
12.790125
32.971553
42.080416
46.547618
48.721118
49.460424
49.015785
47.242139
43.4766
35.914183
19.542101
12.305962
32.521895
41.718298
46.241457
48.445614
49.197646
48.750792
46.960008
43.159961
35.546702
19.16731
11.831635
32.080129
41.362348
45.940711
48.175325
48.94012
48.491598
46.684691
42.852206
35.192143
18.81277
11.366842
31.645936
41.01253
45.64543
47.910275
48.687994
48.238324
46.41637
42.553579
34.85081
18.477947
10.910954
31.219609
40.668976
45.355711
47.650563
48.441334
47.991014
46.155174
42.263998
34.522471
18.162495
10.463911
30.800956
40.331776
45.071657
47.396255
48.200298
47.749861
45.901143
41.983649
34.207233
17.86599
10.025494
30.390045
40.000952
44.793367
47.147584
47.964916
47.514868
45.654359
41.712606
33.905067
17.588024
9.595551
29.986698
39.676652
44.520899
46.904492
47.73534
47.286237
45.414994
41.450938
33.616019
17.328241
9.173604
29.590989
39.358852
44.254406
46.667129
47.511602
47.063998
45.183085
41.198706
33.339896
17.086265
8.759623
29.203033
39.047655
43.993901
46.435607
47.2939
46.848277
44.958754
40.955988
33.076841
16.861604
8.35365
28.822759
38.743155
43.739541
46.210037
47.082224
46.639151
44.74208
40.72283
32.826656
16.654031
7.955209
28.450023
38.445451
43.491392
45.990492
46.876773
46.436737
44.533094
40.4993
32.589327
16.463049
7.564202
28.085094
38.154543
43.249521
45.777043
46.677538
46.241029
44.331917
40.285453
32.364857
16.288422
7.180798
27.727873
37.870585
43.014044
45.569848
46.48468
46.052271
44.138668
40.081243
32.15313
16.129722
6.804721
27.378277
37.593634
42.785126
45.3689
46.298273
45.870372
43.953331
39.886816
31.954069
15.986626
6.435883
27.036495
37.323766
42.562796
45.174399
46.118352
45.695536
43.776021
39.702074
31.767606
15.858707
6.074202
26.702498
37.061142
42.347127
44.98634
45.945038
45.527795
43.606765
39.527114
31.593648
15.745793
5.719729
26.376304
36.805722
42.138203
44.804844
45.778406
45.367185
43.445589
39.361985
31.432071
15.647524
5.372373
26.057988
36.557641
41.936144
44.630033
45.618577
45.213823
43.292651
39.206632
31.282938
15.563524
5.031971
25.747491
36.317071
41.741132
44.461988
45.465547
45.067743
43.147885
39.061092
31.145957
15.493551
4.698701
25.445034
36.083934
41.553067
44.300794
45.319476
44.929063
43.011359
38.925321
31.021118
15.437296
4.37255
25.150483
35.85849
41.372268
44.146448
45.180364
44.797732
42.88314
38.799342
30.908306
15.394516
4.053321
24.864072
35.640784
41.198639
43.999162
45.048291
44.673909
42.763247
38.683157
30.807441
15.364818
3.741134
24.585816
35.430871
41.032366
43.858897
44.923377
44.557545
42.651656
38.576709
30.718366
15.348139
3.436103
24.315691
35.228933
40.873495
43.725782
44.805622
44.448755
42.548481
38.479977
30.640963
15.344086
3.13795
24.053864
35.034896
40.72213
43.599948
44.695107
44.347615
42.453696
38.393063
30.575206
15.352541
2.846944
23.800324
34.849087
40.578366
43.4814
44.591915
44.254116
42.367231
38.315757
30.520908
15.373081
2.562821
23.555253
34.671417
40.442355
43.370186
44.496045
44.168291
42.289282
38.248093
30.478051
15.40565
2.285872
23.318708
34.502136
40.314058
43.26644
44.407621
44.090131
42.219694
38.19012
30.446349
15.449918
2.015998
23.09074
34.34123
40.193626
43.170215
44.326603
44.019753
42.158526
38.141673
30.425814
15.505761
1.753234
22.871422
34.188913
40.081177
43.081518
44.253116
43.957106
42.105844
38.102804
30.416334
15.573022
1.497495
22.66097
34.045159
39.976764
43.000486
44.187201
43.902265
42.061492
38.073395
30.417746
15.651273
1.248843
22.459378
33.910146
39.880416
42.927132
44.128821
43.855262
42.025575
38.053454
30.429938
15.740573
1.007354
22.266786
33.783968
39.79224
42.861553
44.078058
43.816008
41.998113
38.042869
30.452757
15.840583
0.772836
22.08334
33.666704
39.712409
42.803757
44.034957
43.784658
41.978951
38.041637
30.486145
15.951249
0.545521
21.909062
33.558522
39.640846
42.753807
43.999563
43.76112
41.96815
38.049718
30.530036
16.072336
0.32511
21.744116
33.459488
39.577778
42.711756
43.971795
43.74543
41.965734
38.066947
30.584188
16.203734
0.111852
21.588734
33.369737
39.523176
42.677617
43.951822
43.737538
41.97159
38.093396
30.648548
16.345238
21.442908
33.289298
39.477125
42.651537
43.939524
43.737519
41.985738
38.128851
30.723004
16.496729
21.306832
33.218407
39.439746
42.633447
43.935028
43.74528
42.00816
38.173377
30.807438
16.658164
21.180593
33.157056
39.41099
42.623405
43.938295
43.76086
42.038743
38.226842
30.901663
16.829233
21.064386
33.105355
39.391069
42.621428
43.949333
43.784289
42.077512
38.289193
31.005691
17.009852
20.958456
33.06351
39.379938
42.627621
43.968145
43.815438
42.124361
38.360346
31.119435
17.200014
20.862743
33.031572
39.377681
42.641962
43.994734
43.854423
42.179312
38.440168
31.242636
17.399408
20.777616
33.009645
39.384334
42.664463
44.029066
43.901116
42.242303
38.528678
31.37522
17.608156
20.703071
32.997763
39.400039
42.695105
44.071186
43.955468
42.313278
38.6258
31.517147
17.826141
20.639302
32.996222
39.42479
42.733993
44.121059
44.017516
42.392215
38.731353
31.668221
18.053053
20.586649
33.004861
39.458626
42.78106
44.178731
44.087212
42.478928
38.845311
31.82853
18.28897
20.545104
33.024006
39.501554
42.83637
44.244082
44.164471
42.573489
38.96755
31.997671
18.533739